   1.72688746             100   8.60571861E-03
   1.72258079             200   4.29904461E-03
   1.72043037             400   2.14862823E-03
   1.71935594             800   1.07419491E-03
   1.71881843            1600   5.36680222E-04
   1.71855247            3200   2.70724297E-04
   1.71841538            6400   1.33633614E-04
   1.71835005           12800   6.83069229E-05
   1.71831548           25600   3.37362289E-05
   1.71829963           51200   1.78813934E-05
   1.71828663          102400   4.88758087E-06
   1.71826935          204800  -1.23977661E-05
   1.71826589          409600  -1.58548355E-05
