9.3968e-05
0.00014799
0.000304164
0.000206824
0.000135994
0.000119364
0.000100915
0.000114418
4.80938e-05
4.48358e-05
7.28605e-05
9.75487e-05
8.91263e-05
8.72247e-05
0.000107129
0.000139153
7.50192e-05
0.000107262
0.000108537
4.92613e-05
6.20302e-05
4.30307e-05
2.67109e-05
0.000109023
4.64692e-05
6.33562e-05
0.000126767
0.000167122
0.000151552
0.000295975
0.000370704
0.000336825
0.000227784
0.000262901
0.000380849
0.000344321
0.000174112
0.000156278
0.000141919
0.000131763
0.000370491
0.000219001
0.000231506
7.35714e-05
3.56781e-05
2.95382e-05
1.49087e-05
3.76671e-05
3.73112e-05
2.85301e-05
3.67928e-05
5.93106e-05
6.49512e-05
7.07722e-05
5.17064e-05
4.84866e-05
5.06822e-05
3.60924e-05
4.11251e-05
3.77248e-05
5.29947e-05
2.28085e-05
3.08143e-05
2.51399e-05
4.00088e-05
7.43367e-05
5.10277e-05
7.85822e-05
8.31103e-05
7.8032e-05
7.63805e-05
0.000122793
8.66862e-05
9.41411e-05
3.58722e-05
4.73204e-05
5.7616e-05
0.000128111
0.000165749
0.00012206
0.000204061
0.000174188
0.000202387
0.00068111
0.000684913
0.000790086
0.000419847
0.000481892
0.000365027
0.0002382
0.000435463
0.000235562
0.000118779
9.08282e-05
3.02244e-05
0.000404174
0.000542974
0.000239338
0.000115181
7.22637e-05
5.50867e-05
2.71799e-05
1.32463e-05
2.88037e-05
3.06056e-05
7.99108e-06
8.97572e-06
1.59976e-05
1.12053e-05
9.0735e-06
2.75414e-05
4.32119e-05
4.63522e-05
5.05905e-05
5.18591e-05
3.39283e-05
4.91983e-05
3.28123e-05
4.50571e-05
0.000100547
0.000305359
0.000198559
0.000208965
0.000237312
0.000317161
8.28315e-05
8.09893e-05
0.000148119
9.95448e-05
2.78581e-05
9.54801e-05
0.000159566
0.000244574
0.000169309
3.94202e-05
4.47029e-05
7.22402e-05
0.000106827
9.33148e-05
0.000158775
4.40978e-05
0.000142451
0.00040207
0.000287243
0.000390107
0.000905721
0.000213054
0.000520401
0.000400582
0.000111931
6.29951e-05
5.27849e-05
1.48948e-05
1.17573e-05
0.000122254
0.000391532
0.00022016
0.000499796
0.000110196
0.000511824
0.000407623
0.00023411
0.000249665
8.38447e-05
9.6173e-05
0.000128195
1.20945e-05
4.16705e-05
3.28962e-05
3.65131e-05
6.13576e-05
8.24035e-05
3.02182e-05
0.000108597
6.74378e-05
0.00013423
0.000386239
0.000151342
0.000236041
0.000528058
0.000296311
0.000288542
3.44012e-05
4.68611e-05
3.52034e-05
2.57434e-05
3.53741e-05
2.6698e-05
1.34699e-05
1.74938e-05
1.03297e-05
1.37398e-05
1.01449e-05
4.62529e-06
2.14832e-05
4.59525e-05
5.17606e-05
0.000111199
6.02693e-05
3.20649e-05
2.63179e-05
1.07426e-05
2.11404e-05
8.2279e-06
2.19561e-05
9.57695e-05
0.000102218
0.000277196
0.00045956
0.000396407
0.00038087
0.000360526
0.000284714
0.000412194
0.000366935
0.000296257
6.87175e-05
0.000231566
0.000462701
9.84549e-05
0.000154176
0.000215515
1.0302e-05
5.52303e-06
6.08641e-06
3.96323e-06
2.87476e-06
2.20632e-05
7.10676e-06
2.54531e-05
2.77498e-05
5.10465e-05
3.74582e-05
4.02958e-05
6.9746e-05
6.53208e-05
1.38382e-05
2.33886e-05
1.41733e-05
7.61205e-06
4.44674e-06
1.42491e-05
3.36819e-05
5.17454e-05
4.90635e-05
7.6207e-05
5.23158e-05
0.000108589
5.82632e-05
3.21626e-05
1.67034e-05
3.5166e-05
3.69144e-05
2.55109e-05
6.90669e-05
0.00010513
8.58613e-05
2.29798e-05
0.000243278
0.000122646
4.42514e-05
7.31037e-06
3.41506e-05
0.000182272
0.000160606
0.00045833
0.000201853
0.00015019
5.26825e-05
0.000227497
0.000175516
0.000357906
0.000394168
0.000308467
0.000709057
0.000620218
0.000886924
0.000310268
0.000531808
4.18971e-05
4.69064e-05
2.10001e-05
0.000101866
2.78763e-05
8.26592e-05
4.46086e-05
3.63954e-05
6.33724e-05
0.000446566
6.0616e-05
0.000107145
0.000144737
6.32178e-05
0.000190925
0.000102804
0.00012351
5.29864e-05
3.60553e-05
6.04312e-05
0.000119663
0.000180884
0.000167707
0.000185572
0.000129279
8.97583e-05
8.02954e-05
0.000155106
2.66975e-05
4.24566e-05
4.79264e-05
1.51547e-05
0.000105646
2.25332e-05
3.55735e-05
1.16461e-05
7.37151e-05
3.12745e-05
0.000124893
9.32013e-05
8.11756e-05
0.000146139
0.000104959
0.000199966
0.000390375
0.000428659
0.000357176
0.000175954
0.000247015
0.000102118
4.70069e-05
1.7632e-05
3.65963e-05
2.77897e-05
1.49089e-05
1.75574e-05
1.24627e-05
7.878e-06
9.03248e-06
1.70098e-05
3.33718e-05
7.01212e-05
0.000201235
6.23294e-05
8.68002e-05
3.43893e-05
3.25838e-05
3.0572e-05
1.11371e-05
2.04485e-05
2.52283e-05
0.000150671
5.57402e-05
8.06839e-05
0.000117678
0.00021263
0.000147455
8.11705e-05
4.33154e-05
0.000182213
0.000548111
0.000562883
0.000293359
0.000466383
0.000298865
4.43687e-05
1.36955e-05
1.9151e-05
2.15398e-05
1.02688e-05
1.89743e-05
5.82259e-06
1.30625e-05
1.62679e-05
1.74318e-05
3.23407e-05
8.54849e-05
7.49003e-05
0.00022407
9.91814e-05
6.25188e-05
0.000121625
4.00239e-05
1.06317e-05
2.00898e-05
4.21863e-05
3.0238e-05
0.000153841
0.000126347
0.000184846
0.000158665
0.000240735
0.000100318
4.96651e-05
3.69721e-05
1.70936e-05
3.14791e-05
4.54688e-05
0.00020847
0.000152176
0.000102375
5.58763e-05
2.87423e-05
3.66914e-05
3.29013e-05
0.000170897
3.62038e-05
1.14457e-05
7.81007e-05
3.25888e-05
1.58915e-05
0.000407206
0.000339561
0.000153729
0.000180725
4.61164e-05
2.56808e-05
3.58384e-05
2.83113e-05
9.74565e-06
0.000110619
4.00348e-05
0.000205664
0.000422765
0.000409247
0.000316957
0.000464898
0.00012213
0.000293904
0.000403703
0.000467635
0.000216021
0.000592505
0.000690977
0.000642066
0.000631732
0.000460702
9.42641e-05
1.2534e-05
2.01854e-05
4.42176e-05
1.79407e-05
7.65171e-06
2.52704e-06
4.01885e-06
2.16459e-05
1.45222e-05
5.05737e-05
0.000137289
7.57994e-05
3.91091e-05
0.000204255
4.43341e-05
5.03015e-05
2.02328e-05
1.27021e-05
7.32212e-05
1.8162e-05
1.60954e-05
1.89189e-05
1.62114e-05
2.22045e-05
2.6077e-05
9.17228e-05
9.30167e-05
1.97641e-05
2.37533e-05
1.16885e-05
0.000185305
0.000245623
0.000437192
0.000416873
0.000363419
0.000218091
0.000236898
8.13674e-05
9.50519e-05
6.73303e-05
3.64008e-05
3.73433e-05
0.00010986
0.000268777
0.000567801
0.000144122
6.56027e-05
2.57786e-05
1.3896e-05
3.35297e-05
7.23152e-06
1.44692e-05
1.24599e-05
1.10856e-05
1.0523e-05
