   1.00000000       2.50000000       2.71828175      0.218281746    
   2.00000000       6.25000000       7.38905621       1.13905621    
   3.00000000       15.6250000       20.0855370       4.46053696    
   4.00000000       39.0625000       54.5981483       15.5356483    
   5.00000000       97.6562500       148.413162       50.7569122    
   6.00000000       244.140625       403.428802       159.288177    
   7.00000000       610.351562       1096.63318       486.281616    
   8.00000000       1525.87891       2980.95801       1455.07910    
   9.00000000       3814.69727       8103.08398       4288.38672    
   10.0000000       9536.74316       22026.4648       12489.7217    
