   5.00000007E-02   1.04999995       1.05127108       1.27112865E-03
  0.100000001       1.10249996       1.10517097       2.67100334E-03
  0.150000006       1.15762496       1.16183424       4.20928001E-03
  0.200000003       1.21550620       1.22140276       5.89656830E-03
  0.250000000       1.27628148       1.28402543       7.74395466E-03
  0.300000012       1.34009552       1.34985888       9.76336002E-03
  0.350000024       1.40710032       1.41906762       1.19673014E-02
  0.400000036       1.47745538       1.49182475       1.43693686E-02
  0.450000048       1.55132818       1.56831229       1.69841051E-02
  0.500000060       1.62889457       1.64872134       1.98267698E-02
  0.550000072       1.71033931       1.73325312       2.29138136E-02
  0.600000083       1.79585624       1.82211900       2.62627602E-02
  0.650000095       1.88564909       1.91554105       2.98919678E-02
  0.700000107       1.97993159       2.01375294       3.38213444E-02
  0.750000119       2.07892823       2.11700034       3.80721092E-02
  0.800000131       2.18287468       2.22554111       4.26664352E-02
  0.850000143       2.29201841       2.33964729       4.76288795E-02
  0.900000155       2.40661931       2.45960355       5.29842377E-02
  0.950000167       2.52695036       2.58571005       5.87596893E-02
   1.00000012       2.65329790       2.71828222       6.49843216E-02
   1.05000007       2.78596282       2.85765123       7.16884136E-02
   1.10000002       2.92526102       3.00416613       7.89051056E-02
   1.14999998       3.07152414       3.15819287       8.66687298E-02
   1.19999993       3.22510028       3.32011676       9.50164795E-02
   1.24999988       3.38635540       3.49034262      0.103987217    
   1.29999983       3.55567312       3.66929603      0.113622904    
   1.34999979       3.73345685       3.85742474      0.123967886    
   1.39999974       3.92012978       4.05519867      0.135068893    
   1.44999969       4.11613607       4.26311302      0.146976948    
   1.49999964       4.32194281       4.48168755      0.159744740    
   1.54999959       4.53804016       4.71146822      0.173428059    
   1.59999955       4.76494217       4.95303011      0.188087940    
   1.64999950       5.00318909       5.20697737      0.203788280    
   1.69999945       5.25334835       5.47394419      0.220595837    
   1.74999940       5.51601601       5.75459909      0.238583088    
   1.79999936       5.79181671       6.04964352      0.257826805    
   1.84999931       6.08140755       6.35981512      0.278407574    
   1.89999926       6.38547802       6.68588972      0.300411701    
   1.94999921       6.70475197       7.02868223      0.323930264    
   1.99999917       7.03998947       7.38905001      0.349060535    
   2.04999924       7.39198875       7.76789522      0.375906467    
   2.09999919       7.76158810       8.16616344      0.404575348    
   2.14999914       8.14966774       8.58485126      0.435183525    
   2.19999909       8.55715084       9.02500534      0.467854500    
   2.24999905       8.98500824       9.48772717      0.502718925    
   2.29999900       9.43425846       9.97417259      0.539914131    
   2.34999895       9.90597153       10.4855585      0.579586983    
   2.39999890       10.4012699       11.0231647      0.621894836    
   2.44999886       10.9213333       11.5883331      0.666999817    
   2.49999881       11.4673996       12.1824799      0.715080261    
   2.54999876       12.0407696       12.8070879      0.766318321    
   2.59999871       12.6428080       13.4637203      0.820912361    
   2.64999866       13.2749481       14.1540194      0.879071236    
   2.69999862       13.9386959       14.8797112      0.941015244    
   2.74999857       14.6356306       15.6426096       1.00697899    
   2.79999852       15.3674126       16.4446220       1.07720947    
   2.84999847       16.1357841       17.2877560       1.15197182    
   2.89999843       16.9425735       18.1741161       1.23154259    
   2.94999838       17.7897015       19.1059227       1.31622124    
   2.99999833       18.6791859       20.0855026       1.40631676    
   3.04999828       19.6131458       21.1153088       1.50216293    
   3.09999824       20.5938034       22.1979122       1.60410881    
   3.14999819       21.6234932       23.3360214       1.71252823    
   3.19999814       22.7046680       24.5324841       1.82781601    
   3.24999809       23.8399010       25.7902908       1.95038986    
   3.29999804       25.0318966       27.1125851       2.08068848    
   3.34999800       26.2834911       28.5026760       2.21918488    
   3.39999795       27.5976658       29.9640388       2.36637306    
   3.44999790       28.9775486       31.5003262       2.52277756    
   3.49999785       30.4264259       33.1153793       2.68895340    
   3.54999781       31.9477463       34.8132401       2.86549377    
   3.59999776       33.5451355       36.5981522       3.05301666    
   3.64999771       35.2223930       38.4745789       3.25218582    
   3.69999766       36.9835129       40.4472084       3.46369553    
   3.74999762       38.8326874       42.5209808       3.68829346    
   3.79999757       40.7743225       44.7010765       3.92675400    
   3.84999752       42.8130379       46.9929466       4.17990875    
   3.89999747       44.9536896       49.4023247       4.44863510    
   3.94999743       47.2013741       51.9352341       4.73386002    
   3.99999738       49.5614433       54.5980072       5.03656387    
   4.04999733       52.0395164       57.3973045       5.35778809    
   4.09999752       54.6414909       60.3401375       5.69864655    
   4.14999771       57.3735657       63.4338570       6.06029129    
   4.19999790       60.2422447       66.6861877       6.44394302    
   4.24999809       63.2543564       70.1052780       6.85092163    
   4.29999828       66.4170761       73.6996689       7.28259277    
   4.34999847       69.7379303       77.4783478       7.74041748    
   4.39999866       73.2248230       81.4507599       8.22593689    
   4.44999886       76.8860626       85.6268463       8.74078369    
   4.49999905       80.7303619       90.0170441       9.28668213    
   4.54999924       84.7668762       94.6323395       9.86546326    
   4.59999943       89.0052185       99.4842606       10.4790421    
   4.64999962       93.4554825       104.584946       11.1294632    
   4.69999981       98.1282578       109.947151       11.8188934    
   4.75000000       103.034668       115.584282       12.5496140    
   4.80000019       108.186401       121.510437       13.3240356    
   4.85000038       113.595718       127.740440       14.1447220    
   4.90000057       119.275505       134.289856       15.0143509    
   4.95000076       125.239281       141.175064       15.9357834    
   5.00000095       131.501251       148.413300       16.9120483    
   5.05000114       138.076309       156.022644       17.9463348    
   5.10000134       144.980118       164.022125       19.0420074    
   5.15000153       152.229126       172.431747       20.2026215    
   5.20000172       159.840576       181.272552       21.4319763    
   5.25000191       167.832611       190.566635       22.7340240    
   5.30000210       176.224243       200.337234       24.1129913    
   5.35000229       185.035461       210.608780       25.5733185    
   5.40000248       194.287231       221.406967       27.1197357    
   5.45000267       204.001587       232.758789       28.7572021    
   5.50000286       214.201660       244.692627       30.4909668    
   5.55000305       224.911743       257.238342       32.3265991    
   5.60000324       236.157333       270.427277       34.2699432    
   5.65000343       247.965195       284.292450       36.3272552    
   5.70000362       260.363464       298.868469       38.5050049    
   5.75000381       273.381653       314.191864       40.8102112    
   5.80000401       287.050720       330.300873       43.2501526    
   5.85000420       301.403259       347.235840       45.8325806    
   5.90000439       316.473419       365.039062       48.5656433    
   5.95000458       332.297089       383.755096       51.4580078    
   6.00000477       348.911957       403.430725       54.5187683    
   6.05000496       366.357544       424.115143       57.7575989    
   6.10000515       384.675415       445.860077       61.1846619    
   6.15000534       403.909180       468.719879       64.8106995    
   6.20000553       424.104645       492.751770       68.6471252    
   6.25000572       445.309875       518.015808       72.7059326    
   6.30000591       467.575378       544.575134       76.9997559    
   6.35000610       490.954163       572.496216       81.5420532    
   6.40000629       515.501892       601.848816       86.3469238    
   6.45000648       541.276978       632.706421       91.4294434    
   6.50000668       568.340820       665.146057       96.8052368    
   6.55000687       596.757874       699.248962       102.491089    
   6.60000706       626.595764       735.100403       108.504639    
   6.65000725       657.925537       772.789917       114.864380    
   6.70000744       690.821838       812.411865       121.590027    
   6.75000763       725.362915       854.065308       128.702393    
   6.80000782       761.631042       897.854309       136.223267    
   6.85000801       799.712585       943.888489       144.175903    
   6.90000820       839.698242       992.282837       152.584595    
   6.95000839       881.683167       1043.15845       161.475281    
   7.00000858       925.767334       1096.64258       170.875244    
   7.05000877       972.055725       1152.86890       180.813171    
   7.10000896       1020.65851       1211.97791       191.319397    
   7.15000916       1071.69141       1274.11768       202.426270    
   7.20000935       1125.27600       1339.44324       214.167236    
   7.25000954       1181.53979       1408.11829       226.578491    
   7.30000973       1240.61682       1480.31433       239.697510    
   7.35000992       1302.64771       1556.21191       253.564209    
   7.40001011       1367.78003       1636.00098       268.220947    
   7.45001030       1436.16907       1719.88086       283.711792    
   7.50001049       1507.97754       1808.06140       300.083862    
   7.55001068       1583.37646       1900.76306       317.386597    
   7.60001087       1662.54529       1998.21765       335.672363    
   7.65001106       1745.67261       2100.66895       354.996338    
   7.70001125       1832.95630       2208.37280       375.416504    
   7.75001144       1924.60413       2321.59888       396.994751    
   7.80001163       2020.83435       2440.63037       419.796021    
   7.85001183       2121.87598       2565.76465       443.888672    
   7.90001202       2227.96973       2697.31470       469.344971    
   7.95001221       2339.36816       2835.60962       496.241455    
   8.00001240       2456.33667       2980.99487       524.658203    
   8.05001259       2579.15356       3133.83447       554.680908    
   8.10001278       2708.11133       3294.51025       586.398926    
   8.15001297       2843.51685       3463.42407       619.907227    
   8.20001316       2985.69263       3640.99829       655.305664    
   8.25001335       3134.97729       3827.67700       692.699707    
   8.30001354       3291.72607       4023.92700       732.200928    
   8.35001373       3456.31250       4230.23877       773.926270    
   8.40001392       3629.12817       4447.12891       818.000732    
   8.45001411       3810.58447       4675.13867       864.554199    
   8.50001431       4001.11377       4914.83936       913.725586    
   8.55001450       4201.16943       5166.82910       965.659668    
   8.60001469       4411.22803       5431.73926       1020.51123    
   8.65001488       4631.78955       5710.23145       1078.44189    
   8.70001507       4863.37891       6003.00244       1139.62354    
   8.75001526       5106.54785       6310.78418       1204.23633    
   8.80001545       5361.87500       6634.34668       1272.47168    
   8.85001564       5629.96875       6974.49805       1344.52930    
   8.90001583       5911.46729       7332.08984       1420.62256    
   8.95001602       6207.04053       7708.01514       1500.97461    
   9.00001621       6517.39258       8103.21533       1585.82275    
   9.05001640       6843.26221       8518.67773       1675.41553    
   9.10001659       7185.42529       8955.44141       1770.01611    
   9.15001678       7544.69678       9414.59863       1869.90186    
   9.20001698       7921.93164       9897.29688       1975.36523    
   9.25001717       8318.02832       10404.7441       2086.71582    
   9.30001736       8733.92969       10938.2090       2204.27930    
   9.35001755       9170.62598       11499.0254       2328.39941    
   9.40001774       9629.15723       12088.5947       2459.43750    
   9.45001793       10110.6152       12708.3936       2597.77832    
   9.50001812       10616.1465       13359.9688       2743.82227    
   9.55001831       11146.9541       14044.9521       2897.99805    
   9.60001850       11704.3018       14765.0547       3060.75293    
   9.65001869       12289.5166       15522.0781       3232.56152    
   9.70001888       12903.9922       16317.9150       3413.92285    
   9.75001907       13549.1914       17154.5566       3605.36523    
   9.80001926       14226.6514       18034.0918       3807.44043    
   9.85001945       14937.9844       18958.7246       4020.74023    
   9.90001965       15684.8838       19930.7617       4245.87793    
   9.95001984       16469.1289       20952.6387       4483.50977    
   10.0000200       17292.5859       22026.9062       4734.32031    
