   5.00000007E-02   1.05124998       1.05127108       2.11000443E-05
  0.100000001       1.10512650       1.10517097       4.44650650E-05
  0.150000006       1.16176426       1.16183424       6.99758530E-05
  0.200000003       1.22130466       1.22140276       9.81092453E-05
  0.250000000       1.28389657       1.28402543       1.28865242E-04
  0.300000012       1.34969628       1.34985888       1.62601471E-04
  0.350000024       1.41886818       1.41906762       1.99437141E-04
  0.400000036       1.49158514       1.49182475       2.39610672E-04
  0.450000048       1.56802893       1.56831229       2.83360481E-04
  0.500000060       1.64839041       1.64872134       3.30924988E-04
  0.550000072       1.73287046       1.73325312       3.82661819E-04
  0.600000083       1.82168007       1.82211900       4.38928604E-04
  0.650000095       1.91504121       1.91554105       4.99844551E-04
  0.700000107       2.01318717       2.01375294       5.65767288E-04
  0.750000119       2.11636305       2.11700034       6.37292862E-04
  0.800000131       2.22482657       2.22554111       7.14540482E-04
  0.850000143       2.33884883       2.33964729       7.98463821E-04
  0.900000155       2.45871472       2.45960355       8.88824463E-04
  0.950000167       2.58472395       2.58571005       9.86099243E-04
   1.00000012       2.71719098       2.71828222       1.09124184E-03
   1.05000007       2.85644698       2.85765123       1.20425224E-03
   1.10000002       3.00283980       3.00416613       1.32632256E-03
   1.14999998       3.15673542       3.15819287       1.45745277E-03
   1.19999993       3.31851816       3.32011676       1.59859657E-03
   1.24999988       3.48859215       3.49034262       1.75046921E-03
   1.29999983       3.66738248       3.66929603       1.91354752E-03
   1.34999979       3.85533571       3.85742474       2.08902359E-03
   1.39999974       4.05292177       4.05519867       2.27689743E-03
   1.44999969       4.26063395       4.26311302       2.47907639E-03
   1.49999964       4.47899151       4.48168755       2.69603729E-03
   1.54999959       4.70853996       4.71146822       2.92825699E-03
   1.59999955       4.94985247       4.95303011       3.17764282E-03
   1.64999950       5.20353222       5.20697737       3.44514847E-03
   1.69999945       5.47021341       5.47394419       3.73077393E-03
   1.74999940       5.75056171       5.75459909       4.03738022E-03
   1.79999936       6.04527807       6.04964352       4.36544418E-03
   1.84999931       6.35509872       6.35981512       4.71639633E-03
   1.89999926       6.68079758       6.68588972       5.09214401E-03
   1.94999921       7.02318859       7.02868223       5.49364090E-03
   1.99999917       7.38312721       7.38905001       5.92279434E-03
   2.04999924       7.76151228       7.76789522       6.38294220E-03
   2.09999919       8.15928936       8.16616344       6.87408447E-03
   2.14999914       8.57745266       8.58485126       7.39860535E-03
   2.19999909       9.01704693       9.02500534       7.95841217E-03
   2.24999905       9.47917080       9.48772717       8.55636597E-03
   2.29999900       9.96497822       9.97417259       9.19437408E-03
   2.34999895       10.4756832       10.4855585       9.87529755E-03
   2.39999890       11.0125618       11.0231647       1.06029510E-02
   2.44999886       11.5769558       11.5883331       1.13773346E-02
   2.49999881       12.1702747       12.1824799       1.22051239E-02
   2.54999876       12.7940016       12.8070879       1.30863190E-02
   2.59999871       13.4496937       13.4637203       1.40266418E-02
   2.64999866       14.1389904       14.1540194       1.50289536E-02
   2.69999862       14.8636141       14.8797112       1.60970688E-02
   2.74999857       15.6253738       15.6426096       1.72357559E-02
   2.79999852       16.4261742       16.4446220       1.84478760E-02
   2.84999847       17.2680149       17.2877560       1.97410583E-02
   2.89999843       18.1529999       18.1741161       2.11162567E-02
   2.94999838       19.0833416       19.1059227       2.25811005E-02
   2.99999833       20.0613632       20.0855026       2.41394043E-02
   3.04999828       21.0895081       21.1153088       2.58007050E-02
   3.09999824       22.1703453       22.1979122       2.75669098E-02
   3.14999819       23.3065758       23.3360214       2.94456482E-02
   3.19999814       24.5010376       24.5324841       3.14464569E-02
   3.24999809       25.7567158       25.7902908       3.35750580E-02
   3.29999804       27.0767479       27.1125851       3.58371735E-02
   3.34999800       28.4644318       28.5026760       3.82442474E-02
   3.39999795       29.9232330       29.9640388       4.08058167E-02
   3.44999790       31.4567986       31.5003262       4.35276031E-02
   3.49999785       33.0689583       33.1153793       4.64210510E-02
   3.54999781       34.7637405       34.8132401       4.94995117E-02
   3.59999776       36.5453835       36.5981522       5.27687073E-02
   3.64999771       38.4183350       38.4745789       5.62438965E-02
   3.69999766       40.3872757       40.4472084       5.99327087E-02
   3.74999762       42.4571228       42.5209808       6.38580322E-02
   3.79999757       44.6330490       44.7010765       6.80274963E-02
   3.84999752       46.9204941       46.9929466       7.24525452E-02
   3.89999747       49.3251686       49.4023247       7.71560669E-02
   3.94999743       51.8530846       51.9352341       8.21495056E-02
   3.99999738       54.5105553       54.5980072       8.74519348E-02
   4.04999733       57.3042221       57.3973045       9.30824280E-02
   4.09999752       60.2410622       60.3401375       9.90753174E-02
   4.14999771       63.3284149       63.4338570      0.105442047    
   4.19999790       66.5739975       66.6861877      0.112190247    
   4.24999809       69.9859161       70.1052780      0.119361877    
   4.29999828       73.5726929       73.6996689      0.126976013    
   4.34999847       77.3432922       77.4783478      0.135055542    
   4.39999866       81.3071365       81.4507599      0.143623352    
   4.44999886       85.4741287       85.6268463      0.152717590    
   4.49999905       89.8546753       90.0170441      0.162368774    
   4.54999924       94.4597244       94.6323395      0.172615051    
   4.59999943       99.3007889       99.4842606      0.183471680    
   4.64999962       104.389954       104.584946      0.194992065    
   4.69999981       109.739937       109.947151      0.207214355    
   4.75000000       115.364105       115.584282      0.220176697    
   4.80000019       121.276512       121.510437      0.233924866    
   4.85000038       127.491936       127.740440      0.248504639    
   4.90000057       134.025894       134.289856      0.263961792    
   4.95000076       140.894714       141.175064      0.280349731    
   5.00000095       148.115570       148.413300      0.297729492    
   5.05000114       155.706497       156.022644      0.316146851    
   5.10000134       163.686462       164.022125      0.335662842    
   5.15000153       172.075394       172.431747      0.356353760    
   5.20000172       180.894257       181.272552      0.378295898    
   5.25000191       190.165085       190.566635      0.401550293    
   5.30000210       199.911041       200.337234      0.426193237    
   5.35000229       210.156479       210.608780      0.452301025    
   5.40000248       220.927002       221.406967      0.479965210    
   5.45000267       232.249512       232.758789      0.509277344    
   5.50000286       244.152298       244.692627      0.540328979    
   5.55000305       256.665100       257.238342      0.573242188    
   5.60000324       269.819183       270.427277      0.608093262    
   5.65000343       283.647430       284.292450      0.645019531    
   5.70000362       298.184357       298.868469      0.684112549    
   5.75000381       313.466309       314.191864      0.725555420    
   5.80000401       329.531464       330.300873      0.769409180    
   5.85000420       346.419952       347.235840      0.815887451    
   5.90000439       364.173981       365.039062      0.865081787    
   5.95000458       382.837891       383.755096      0.917205811    
   6.00000477       402.458344       403.430725      0.972381592    
   6.05000496       423.084320       424.115143       1.03082275    
   6.10000515       444.767395       445.860077       1.09268188    
   6.15000534       467.561737       468.719879       1.15814209    
   6.20000553       491.524292       492.751770       1.22747803    
   6.25000572       516.714905       518.015808       1.30090332    
   6.30000591       543.196533       544.575134       1.37860107    
   6.35000610       571.035339       572.496216       1.46087646    
   6.40000629       600.300903       601.848816       1.54791260    
   6.45000648       631.066345       632.706421       1.64007568    
   6.50000668       663.408508       665.146057       1.73754883    
   6.55000687       697.408203       699.248962       1.84075928    
   6.60000706       733.150391       735.100403       1.95001221    
   6.65000725       770.724365       772.789917       2.06555176    
   6.70000744       810.223999       812.411865       2.18786621    
   6.75000763       851.747986       854.065308       2.31732178    
   6.80000782       895.400085       897.854309       2.45422363    
   6.85000801       941.289368       943.888489       2.59912109    
   6.90000820       989.530457       992.282837       2.75238037    
   6.95000839       1040.24390       1043.15845       2.91455078    
   7.00000858       1093.55640       1096.64258       3.08618164    
   7.05000877       1149.60120       1152.86890       3.26770020    
   7.10000896       1208.51831       1211.97791       3.45959473    
   7.15000916       1270.45483       1274.11768       3.66284180    
   7.20000935       1335.56567       1339.44324       3.87756348    
   7.25000954       1404.01343       1408.11829       4.10485840    
   7.30000973       1475.96912       1480.31433       4.34521484    
   7.35000992       1551.61255       1556.21191       4.59936523    
   7.40001011       1631.13269       1636.00098       4.86828613    
   7.45001030       1714.72827       1719.88086       5.15258789    
   7.50001049       1802.60815       1808.06140       5.45324707    
   7.55001068       1894.99182       1900.76306       5.77124023    
   7.60001087       1992.11011       1998.21765       6.10754395    
   7.65001106       2094.20581       2100.66895       6.46313477    
   7.70001125       2201.53394       2208.37280       6.83886719    
   7.75001144       2314.36255       2321.59888       7.23632812    
   7.80001163       2432.97363       2440.63037       7.65673828    
   7.85001183       2557.66357       2565.76465       8.10107422    
   7.90001202       2688.74390       2697.31470       8.57080078    
   7.95001221       2826.54199       2835.60962       9.06762695    
   8.00001240       2971.40234       2980.99487       9.59252930    
   8.05001259       3123.68677       3133.83447       10.1477051    
   8.10001278       3283.77563       3294.51025       10.7346191    
   8.15001297       3452.06909       3463.42407       11.3549805    
   8.20001316       3628.98755       3640.99829       12.0107422    
   8.25001335       3814.97314       3827.67700       12.7038574    
   8.30001354       4010.49048       4023.92700       13.4365234    
   8.35001373       4216.02832       4230.23877       14.2104492    
   8.40001392       4432.09961       4447.12891       15.0292969    
   8.45001411       4659.24463       4675.13867       15.8940430    
   8.50001431       4898.03076       4914.83936       16.8085938    
   8.55001450       5149.05469       5166.82910       17.7744141    
   8.60001469       5412.94385       5431.73926       18.7954102    
   8.65001488       5690.35742       5710.23145       19.8740234    
   8.70001507       5981.98828       6003.00244       21.0141602    
   8.75001526       6288.56543       6310.78418       22.2187500    
   8.80001545       6610.85449       6634.34668       23.4921875    
   8.85001564       6949.66064       6974.49805       24.8374023    
   8.90001583       7305.83057       7332.08984       26.2592773    
   8.95001602       7680.25439       7708.01514       27.7607422    
   9.00001621       8073.86719       8103.21533       29.3481445    
   9.05001640       8487.65332       8518.67773       31.0244141    
   9.10001659       8922.64551       8955.44141       32.7958984    
   9.15001678       9379.93066       9414.59863       34.6679688    
   9.20001698       9860.65234       9897.29688       36.6445312    
   9.25001717       10366.0107       10404.7441       38.7333984    
   9.30001736       10897.2686       10938.2090       40.9404297    
   9.35001755       11455.7539       11499.0254       43.2714844    
   9.40001774       12042.8613       12088.5947       45.7333984    
   9.45001793       12660.0576       12708.3936       48.3359375    
   9.50001812       13308.8857       13359.9688       51.0830078    
   9.55001831       13990.9658       14044.9521       53.9863281    
   9.60001850       14708.0029       14765.0547       57.0517578    
   9.65001869       15461.7881       15522.0781       60.2900391    
   9.70001888       16254.2051       16317.9150       63.7099609    
   9.75001907       17087.2324       17154.5566       67.3242188    
   9.80001926       17962.9531       18034.0918       71.1386719    
   9.85001945       18883.5547       18958.7246       75.1699219    
   9.90001965       19851.3359       19930.7617       79.4257812    
   9.95001984       20868.7168       20952.6387       83.9218750    
   10.0000200       21938.2383       22026.9062       88.6679688    
