  0.100000001       1.10000002       1.10517097       5.17094135E-03
  0.200000003       1.21000004       1.22140276       1.14027262E-02
  0.300000012       1.33100009       1.34985888       1.88587904E-02
  0.400000006       1.46410012       1.49182475       2.77246237E-02
  0.500000000       1.61051011       1.64872122       3.82111073E-02
  0.600000024       1.77156115       1.82211888       5.05577326E-02
  0.700000048       1.94871724       2.01375270       6.50354624E-02
  0.800000072       2.14358902       2.22554111       8.19520950E-02
  0.900000095       2.35794783       2.45960331      0.101655483    
   1.00000012       2.59374261       2.71828222      0.124539614    
   1.10000014       2.85311699       3.00416636      0.151049376    
   1.20000017       3.13842869       3.32011747      0.181688786    
   1.30000019       3.45227146       3.66929746      0.217025995    
   1.40000021       3.79749870       4.05520105      0.257702351    
   1.50000024       4.17724848       4.48168993      0.304441452    
   1.60000026       4.59497356       4.95303392      0.358060360    
   1.70000029       5.05447102       5.47394896      0.419477940    
   1.80000031       5.55991793       6.04964924      0.489731312    
   1.90000033       6.11590958       6.68589687      0.569987297    
   2.00000024       6.72750044       7.38905764      0.661557198    
   2.10000014       7.40025043       8.16617107      0.765920639    
   2.20000005       8.14027596       9.02501392      0.884737968    
   2.29999995       8.95430374       9.97418213       1.01987839    
   2.39999986       9.84973431       11.0231752       1.17344093    
   2.49999976       10.8347073       12.1824913       1.34778404    
   2.59999967       11.9181776       13.4637337       1.54555607    
   2.69999957       13.1099949       14.8797255       1.76973057    
   2.79999948       14.4209948       16.4446373       2.02364254    
   2.89999938       15.8630943       18.1741333       2.31103897    
   2.99999928       17.4494038       20.0855217       2.63611794    
   3.09999919       19.1943436       22.1979332       3.00358963    
   3.19999909       21.1137772       24.5325089       3.41873169    
   3.29999900       23.2251549       27.1126118       3.88745689    
   3.39999890       25.5476704       29.9640675       4.41639709    
   3.49999881       28.1024380       33.1154137       5.01297569    
   3.59999871       30.9126816       36.5981865       5.68550491    
   3.69999862       34.0039482       40.4472466       6.44329834    
   3.79999852       37.4043427       44.7011185       7.29677582    
   3.89999843       41.1447754       49.4023705       8.25759506    
   3.99999833       45.2592545       54.5980606       9.33880615    
   4.09999847       49.7851791       60.3401947       10.5550156    
   4.19999838       54.7636986       66.6862259       11.9225273    
   4.29999828       60.2400665       73.6996689       13.4596024    
   4.39999819       66.2640762       81.4507217       15.1866455    
   4.49999809       72.8904877       90.0169601       17.1264725    
   4.59999800       80.1795349       99.4841156       19.3045807    
   4.69999790       88.1974869       109.946945       21.7494583    
   4.79999781       97.0172348       121.510155       24.4929199    
   4.89999771       106.718956       134.289474       27.5705185    
   4.99999762       117.390854       148.412811       31.0219574    
   5.09999752       129.129944       164.021500       34.8915558    
   5.19999743       142.042938       181.271774       39.2288361    
   5.29999733       156.247238       200.336273       44.0890350    
   5.39999723       171.871964       221.405807       49.5338440    
   5.49999714       189.059158       244.691238       55.6320801    
   5.59999704       207.965073       270.425598       62.4605255    
   5.69999695       228.761581       298.866486       70.1049042    
   5.79999685       251.637741       330.298523       78.6607819    
   5.89999676       276.801514       365.036285       88.2347717    
   5.99999666       304.481659       403.427460       98.9458008    
   6.09999657       334.929810       445.856232       110.926422    
   6.19999647       368.422791       492.747314       124.324524    
   6.29999638       405.265076       544.569946       139.304871    
   6.39999628       445.791595       601.842773       156.051178    
   6.49999619       490.370758       665.139099       174.768341    
   6.59999609       539.407837       735.092285       195.684448    
   6.69999599       593.348633       812.402588       219.053955    
   6.79999590       652.683472       897.843628       245.160156    
   6.89999580       717.951843       992.270569       274.318726    
   6.99999571       789.747009       1096.62842       306.881409    
   7.09999561       868.721680       1211.96179       343.240112    
   7.19999552       955.593872       1339.42480       383.830933    
   7.29999542       1051.15332       1480.29309       429.139771    
   7.39999533       1156.26868       1635.97681       479.708130    
   7.49999523       1271.89551       1808.03381       536.138306    
   7.59999514       1399.08508       1998.18616       599.101074    
   7.69999504       1538.99365       2208.33716       669.343506    
   7.79999495       1692.89307       2440.58960       747.696533    
   7.89999485       1862.18237       2697.26855       835.086182    
   7.99999475       2048.40063       2980.94238       932.541748    
   8.09999466       2253.24072       3294.45044       1041.20972    
   8.19999504       2478.56470       3640.93237       1162.36768    
   8.29999542       2726.42114       4023.85400       1297.43286    
   8.39999580       2999.06323       4447.04785       1447.98462    
   8.49999619       3298.96948       4914.75000       1615.78052    
   8.59999657       3628.86646       5431.64111       1802.77466    
   8.69999695       3991.75317       6002.89404       2011.14087    
   8.79999733       4390.92871       6634.22607       2243.29736    
   8.89999771       4830.02148       7331.95654       2501.93506    
   8.99999809       5313.02344       8103.06836       2790.04492    
   9.09999847       5844.32568       8955.27930       3110.95361    
   9.19999886       6428.75830       9897.11816       3468.35986    
   9.29999924       7071.63428       10938.0107       3866.37646    
   9.39999962       7778.79785       12088.3760       4309.57812    
   9.50000000       8556.67773       13359.7266       4803.04883    
   9.60000038       9412.34570       14764.7871       5352.44141    
   9.70000076       10353.5801       16317.6201       5964.04004    
   9.80000114       11388.9385       18033.7656       6644.82715    
   9.90000153       12527.8320       19930.4004       7402.56836    
   10.0000019       13780.6152       22026.5078       8245.89258    
