  0.100000001       1.10500002       1.10517097       1.70946121E-04
  0.200000003       1.22102499       1.22140276       3.77774239E-04
  0.300000012       1.34923267       1.34985888       6.26206398E-04
  0.400000006       1.49090207       1.49182475       9.22679901E-04
  0.500000000       1.64744675       1.64872122       1.27446651E-03
  0.600000024       1.82042861       1.82211888       1.69026852E-03
  0.700000048       2.01157355       2.01375270       2.17914581E-03
  0.800000072       2.22278881       2.22554111       2.75230408E-03
  0.900000095       2.45618153       2.45960331       3.42178345E-03
   1.00000012       2.71408057       2.71828222       4.20165062E-03
   1.10000014       2.99905896       3.00416636       5.10740280E-03
   1.20000017       3.31396008       3.32011747       6.15739822E-03
   1.30000019       3.66192579       3.66929746       7.37166405E-03
   1.40000021       4.04642820       4.05520105       8.77285004E-03
   1.50000024       4.47130299       4.48168993       1.03869438E-02
   1.60000026       4.94078970       4.95303392       1.22442245E-02
   1.70000029       5.45957279       5.47394896       1.43761635E-02
   1.80000031       6.03282785       6.04964924       1.68213844E-02
   1.90000033       6.66627502       6.68589687       1.96218491E-02
   2.00000024       7.36623383       7.38905764       2.28238106E-02
   2.10000014       8.13968849       8.16617107       2.64825821E-02
   2.20000005       8.99435616       9.02501392       3.06577682E-02
   2.29999995       9.93876362       9.97418213       3.54185104E-02
   2.39999986       10.9823341       11.0231752       4.08411026E-02
   2.49999976       12.1354790       12.1824913       4.70123291E-02
   2.59999967       13.4097042       13.4637337       5.40294647E-02
   2.69999957       14.8177233       14.8797255       6.20021820E-02
   2.79999948       16.3735847       16.4446373       7.10525513E-02
   2.89999938       18.0928116       18.1741333       8.13217163E-02
   2.99999928       19.9925575       20.0855217       9.29641724E-02
   3.09999919       22.0917759       22.1979332      0.106157303    
   3.19999909       24.4114132       24.5325089      0.121095657    
   3.29999900       26.9746113       27.1126118      0.138000488    
   3.39999890       29.8069458       29.9640675      0.157121658    
   3.49999881       32.9366760       33.1154137      0.178737640    
   3.59999871       36.3950272       36.5981865      0.203159332    
   3.69999862       40.2165070       40.4472466      0.230739594    
   3.79999852       44.4392395       44.7011185      0.261878967    
   3.89999843       49.1053581       49.4023705      0.297012329    
   3.99999833       54.2614212       54.5980606      0.336639404    
   4.09999847       59.9588699       60.3401947      0.381324768    
   4.19999838       66.2545547       66.6862259      0.431671143    
   4.29999828       73.2112808       73.6996689      0.488388062    
   4.39999819       80.8984680       81.4507217      0.552253723    
   4.49999809       89.3928070       90.0169601      0.624153137    
   4.59999800       98.7790527       99.4841156      0.705062866    
   4.69999790       109.150856       109.946945      0.796089172    
   4.79999781       120.611694       121.510155      0.898460388    
   4.89999771       133.275925       134.289474       1.01354980    
   4.99999762       147.269897       148.412811       1.14291382    
   5.09999752       162.733231       164.021500       1.28826904    
   5.19999743       179.820221       181.271774       1.45155334    
   5.29999733       198.701340       200.336273       1.63493347    
   5.39999723       219.564987       221.405807       1.84082031    
   5.49999714       242.619308       244.691238       2.07192993    
   5.59999704       268.094330       270.425598       2.33126831    
   5.69999695       296.244232       298.866486       2.62225342    
   5.79999685       327.349884       330.298523       2.94863892    
   5.89999676       361.721619       365.036285       3.31466675    
   5.99999666       399.702393       403.427460       3.72506714    
   6.09999657       441.671143       445.856232       4.18508911    
   6.19999647       488.046600       492.747314       4.70071411    
   6.29999638       539.291504       544.569946       5.27844238    
   6.39999628       595.917114       601.842773       5.92565918    
   6.49999619       658.488403       665.139099       6.65069580    
   6.59999609       727.629700       735.092285       7.46258545    
   6.69999599       804.030823       812.402588       8.37176514    
   6.79999590       888.454041       897.843628       9.38958740    
   6.89999580       981.741699       992.270569       10.5288696    
   6.99999571       1084.82458       1096.62842       11.8038330    
   7.09999561       1198.73120       1211.96179       13.2305908    
   7.19999552       1324.59802       1339.42480       14.8267822    
   7.29999542       1463.68079       1480.29309       16.6123047    
   7.39999533       1617.36731       1635.97681       18.6094971    
   7.49999523       1787.19092       1808.03381       20.8428955    
   7.59999514       1974.84595       1998.18616       23.3402100    
   7.69999504       2182.20483       2208.33716       26.1323242    
   7.79999495       2411.33643       2440.58960       29.2531738    
   7.89999485       2664.52686       2697.26855       32.7416992    
   7.99999475       2944.30225       2980.94238       36.6401367    
   8.09999466       3253.45410       3294.45044       40.9963379    
   8.19999504       3595.06689       3640.93237       45.8654785    
   8.29999542       3972.54883       4023.85400       51.3051758    
   8.39999580       4389.66650       4447.04785       57.3813477    
   8.49999619       4850.58154       4914.75000       64.1684570    
   8.59999657       5359.89258       5431.64111       71.7485352    
   8.69999695       5922.68115       6002.89404       80.2128906    
   8.79999733       6544.56250       6634.22607       89.6635742    
   8.89999771       7231.74170       7331.95654       100.214844    
   8.99999809       7991.07471       8103.06836       111.993652    
   9.09999847       8830.13770       8955.27930       125.141602    
   9.19999886       9757.30176       9897.11816       139.816406    
   9.29999924       10781.8184       10938.0107       156.192383    
   9.39999962       11913.9092       12088.3760       174.466797    
   9.50000000       13164.8691       13359.7266       194.857422    
   9.60000038       14547.1807       14764.7871       217.606445    
   9.70000076       16074.6348       16317.6201       242.985352    
   9.80000114       17762.4707       18033.7656       271.294922    
   9.90000153       19627.5293       19930.4004       302.871094    
   10.0000019       21688.4199       22026.5078       338.087891    
