   1.00000000       2.00000000       2.71828175      0.718281746    
   2.00000000       4.00000000       7.38905621       3.38905621    
   3.00000000       8.00000000       20.0855370       12.0855370    
   4.00000000       16.0000000       54.5981483       38.5981483    
   5.00000000       32.0000000       148.413162       116.413162    
   6.00000000       64.0000000       403.428802       339.428802    
   7.00000000       128.000000       1096.63318       968.633179    
   8.00000000       256.000000       2980.95801       2724.95801    
   9.00000000       512.000000       8103.08398       7591.08398    
   10.0000000       1024.00000       22026.4648       21002.4648    
