  0.100000001       1.04079998      0.601200044    
  0.200000003       1.08300447      0.604908168    
  0.300000012       1.12636113      0.611249566    
  0.400000006       1.17055619      0.620368898    
  0.500000000       1.21520662      0.632430077    
  0.600000024       1.25985277      0.647614479    
  0.700000048       1.30395162      0.666117787    
  0.800000072       1.34687293      0.688144326    
  0.900000095       1.38789833      0.713898420    
   1.00000012       1.42622519      0.743572354    
   1.10000014       1.46097744      0.777329385    
   1.20000017       1.49122453      0.815281987    
   1.30000019       1.51601088      0.857464731    
   1.40000021       1.53439558      0.903802752    
   1.50000024       1.54550374      0.954076946    
   1.60000026       1.54858637       1.00788951    
   1.70000029       1.54308558       1.06463432    
   1.80000031       1.52869761       1.12347782    
   1.90000033       1.50542605       1.18335760    
   2.00000024       1.47361529       1.24300456    
   2.10000014       1.43395591       1.30099094    
   2.20000005       1.38745773       1.35580468    
   2.29999995       1.33539009       1.40594268    
   2.39999986       1.27919662       1.45001268    
   2.49999976       1.22039533       1.48682988    
   2.59999967       1.16047812       1.51549459    
   2.69999957       1.10082316       1.53544068    
   2.79999948       1.04262936       1.54645157    
   2.89999938      0.986877143       1.54864323    
   2.99999928      0.934315622       1.54242253    
   3.09999919      0.885471165       1.52842891    
   3.19999909      0.840671122       1.50746894    
   3.29999900      0.800076127       1.48045206    
   3.39999890      0.763715327       1.44833314    
   3.49999881      0.731520474       1.41206527    
   3.59999871      0.703356147       1.37256348    
   3.69999862      0.679045022       1.33067942    
   3.79999852      0.658387780       1.28718591    
   3.89999843      0.641178071       1.24276900    
   3.99999833      0.627213478       1.19802594    
   4.09999847      0.616302729       1.15346742    
   4.19999838      0.608270407       1.10952330    
   4.29999828      0.602959514       1.06654894    
   4.39999819      0.600232661       1.02483356    
   4.49999809      0.599971950      0.984608114    
   4.59999800      0.602078617      0.946053386    
   4.69999790      0.606471717      0.909307480    
   4.79999781      0.613086939      0.874472916    
   4.89999771      0.621874809      0.841622949    
   4.99999762      0.632799208      0.810807347    
   5.09999752      0.645835459      0.782057524    
   5.19999743      0.660968482      0.755390942    
   5.29999733      0.678190827      0.730815232    
   5.39999723      0.697500646      0.708331704    
   5.49999714      0.718899369      0.687938392    
   5.59999704      0.742389441      0.669633031    
   5.69999695      0.767971575      0.653415382    
   5.79999685      0.795641780      0.639289677    
   5.89999676      0.825388134      0.627266765    
   5.99999666      0.857186913      0.617366016    
   6.09999657      0.890998423      0.609617412    
   6.19999647      0.926762223      0.604063153    
   6.29999638      0.964391649      0.600759566    
   6.39999628       1.00376785      0.599778652    
   6.49999619       1.04473317      0.601209641    
   6.59999609       1.08708358      0.605160236    
   6.69999599       1.13056123      0.611757517    
   6.79999590       1.17484617      0.621148229    
   6.89999580       1.21954846      0.633498132    
   6.99999571       1.26420057      0.648990452    
   7.09999561       1.30825114      0.667822301    
   7.19999552       1.35106122      0.690198720    
   7.29999542       1.39190340      0.716324031    
   7.39999533       1.42996693      0.746389031    
   7.49999523       1.46436870      0.780553699    
   7.59999514       1.49417329      0.818925023    
   7.69999504       1.51842320      0.861529231    
   7.79999495       1.53618014      0.908279836    
   7.89999485       1.54657686      0.958942652    
   7.99999475       1.54887831       1.01310146    
   8.09999466       1.54254675       1.07012892    
   8.19999504       1.52730465       1.12916887    
   8.29999542       1.50318646       1.18913710    
   8.39999580       1.47056985       1.24874532    
   8.49999619       1.43017805       1.30655241    
   8.59999657       1.38305008       1.36104059    
   8.69999695       1.33047760       1.41071057    
   8.79999733       1.27391791       1.45418370    
   8.89999771       1.21489298       1.49029744    
   8.99999809       1.15488970       1.51818073    
   9.09999847       1.09527338       1.53729999    
   9.19999886       1.03722477       1.54747117    
   9.29999924      0.981703520       1.54884052    
   9.39999962      0.929437518       1.54184055    
   9.50000000      0.880933106       1.52713060    
   9.60000038      0.836500108       1.50553119    
   9.70000076      0.796284854       1.47795975    
   9.80000114      0.760305285       1.44537425    
   9.90000153      0.728484988       1.40872681    
   10.0000019      0.700683057       1.36892819    
