  0.100000001       1.03999996      0.600000024    
  0.200000003       1.08159995      0.602400005    
  0.300000012       1.12460434      0.607315600    
  0.400000006       1.16876578      0.614883006    
  0.500000000       1.21377695      0.625260115    
  0.600000024       1.25926197      0.638626754    
  0.700000048       1.30476832      0.655183911    
  0.800000072       1.34975886      0.675151825    
  0.900000095       1.39360559      0.698765874    
   1.00000012       1.43558574      0.726269722    
   1.10000014       1.47488213      0.757905006    
   1.20000017       1.51058829      0.793896556    
   1.30000019       1.54172206      0.834432006    
   1.40000021       1.56724811      0.879635036    
   1.50000024       1.58611226      0.929532170    
   1.60000026       1.59728920      0.984013200    
   1.70000029       1.59984279       1.04278719    
   1.80000031       1.59299755       1.10533810    
   1.90000033       1.57621717       1.17088437    
   2.00000024       1.54928207       1.23835278    
   2.10000014       1.51235449       1.30637324    
   2.20000005       1.46601999       1.37330580    
   2.29999995       1.41129255       1.43730462    
   2.39999986       1.34957612       1.49641991    
   2.49999976       1.28258049       1.54873121    
   2.59999967       1.21220136       1.59249532    
   2.69999957       1.14037895       1.62628829    
   2.79999948       1.06895840       1.64911795    
   2.89999938      0.999570370       1.66049004    
   2.99999928      0.933549762       1.66041875    
   3.09999919      0.871896386       1.64938521    
   3.19999909      0.815276742       1.62825596    
   3.29999900      0.764056504       1.59817827    
   3.39999890      0.718352318       1.56047034    
   3.49999881      0.678090811       1.51652002    
   3.59999871      0.643066049       1.46770191    
   3.69999862      0.612989724       1.41531467    
   3.79999852      0.587531328       1.36054051    
   3.89999843      0.566348433       1.30442250    
   3.99999833      0.549107492       1.24785602    
   4.09999847      0.535497546       1.19159114    
   4.19999838      0.525237918       1.13624144    
   4.29999828      0.518082023       1.08229697    
   4.39999819      0.513818383       1.03013909    
   4.49999809      0.512269795      0.980055630    
   4.59999800      0.513291478      0.932255387    
   4.69999790      0.516768754      0.886881709    
   4.79999781      0.522614360      0.844024837    
   4.89999771      0.530765831      0.803732276    
   4.99999762      0.541183054      0.766018391    
   5.09999752      0.553845763      0.730872154    
   5.19999743      0.568751276      0.698264003    
   5.29999733      0.585912526      0.668151438    
   5.39999723      0.605355978      0.640484095    
   5.49999714      0.627119482      0.615207791    
   5.59999704      0.651250541      0.592267871    
   5.69999695      0.677804112      0.571612537    
   5.79999685      0.706840396      0.553195417    
   5.89999676      0.738422334      0.536977947    
   5.99999666      0.772612929      0.522931814    
   6.09999657      0.809471846      0.511041045    
   6.19999647      0.849051714      0.501304269    
   6.29999638      0.891393542      0.493737161    
   6.39999628      0.936521471      0.488374859    
   6.49999619      0.984436274      0.485274732    
   6.59999609       1.03510773      0.484519452    
   6.69999599       1.08846557      0.486220479    
   6.79999590       1.14438868      0.490521848    
   6.89999580       1.20269275      0.497604430    
   6.99999571       1.26311553      0.507690489    
   7.09999561       1.32529986      0.521048605    
   7.19999552       1.38877523      0.537998319    
   7.29999542       1.45293689      0.558914363    
   7.39999533       1.51702380      0.584229648    
   7.49999523       1.58009720      0.614435732    
   7.59999514       1.64102006      0.650078952    
   7.69999504       1.69844282      0.691750288    
   7.79999495       1.75079727      0.740065098    
   7.89999485       1.79630661      0.795628965    
   7.99999475       1.83301795      0.858985424    
   8.09999466       1.85886621      0.930540442    
   8.19999504       1.87177777       1.01046145    
   8.29999542       1.86981964       1.09855127    
   8.39999580       1.85139239       1.19410539    
   8.49999619       1.81545591       1.29577065    
   8.59999657       1.76176012       1.40143502    
   8.69999695       1.69103694       1.50819075    
   8.79999733       1.60510004       1.61241233    
   8.89999771       1.50680172       1.70997941    
   8.99999809       1.39982188       1.79664147    
   9.09999847       1.28830624       1.86847508    
   9.19999886       1.17642009       1.92234445    
   9.29999924       1.06791365       1.95625842    
   9.39999962      0.965793490       1.96954405    
   9.50000000      0.872155547       1.96280694    
   9.60000038      0.788183808       1.93771350    
   9.70000076      0.714274764       1.89666963    
   9.80000114      0.650227904       1.84247696    
   9.90000153      0.595447719       1.77803230    
   10.0000019      0.549119949       1.70610166    
