           0   0.00000000    
           1   1.00000000    
           2  0.500000000    
           3  0.750000000    
           4  0.625000000    
           5  0.687500000    
           6  0.656250000    
           7  0.671875000    
           8  0.664062500    
           9  0.660156250    
          10  0.662109375    
          11  0.661132812    
          12  0.661621094    
          13  0.661376953    
          14  0.661254883    
          15  0.661315918    
          16  0.661285400    
          17  0.661300659    
          18  0.661308289    
          19  0.661312103    
          20  0.661314011    
          21  0.661313057    
          22  0.661313534    
          23  0.661313772    
          24  0.661313653    
          25  0.661313713    
