           0  0.958296776    
           1  0.857662797    
           2  0.794090867    
           3  0.752102137    
           4  0.723772466    
           5  0.704438627    
           6  0.691156626    
           7  0.681995094    
           8  0.675659716    
           9  0.671271384    
          10  0.668228388    
          11  0.666116655    
          12  0.664650559    
          13  0.663632274    
          14  0.662924945    
          15  0.662433445    
          16  0.662091970    
          17  0.661854625    
          18  0.661689758    
          19  0.661575079    
          20  0.661495388    
          21  0.661440074    
          22  0.661401570    
          23  0.661374867    
          24  0.661356211    
          25  0.661343277    
          26  0.661334276    
          27  0.661328077    
          28  0.661323726    
          29  0.661320686    
          30  0.661318600    
          31  0.661317170    
          32  0.661316156    
          33  0.661315441    
          34  0.661314964    
          35  0.661314607    
          36  0.661314368    
          37  0.661314130    
          38  0.661314011    
          39  0.661313951    
