           0   0.00000000    
           1 -0.500000000    
           2 -0.250000000    
           3 -0.125000000    
           4  -6.25000000E-02
           5  -3.12500000E-02
           6  -1.56250000E-02
           7  -7.81250000E-03
           8  -3.90625000E-03
           9  -1.95312500E-03
          10  -9.76562500E-04
          11  -4.88281250E-04
          12  -2.44140625E-04
          13  -1.22070312E-04
          14  -6.10351562E-05
          15  -3.05175781E-05
          16  -1.52587891E-05
          17  -7.62939453E-06
          18  -3.81469727E-06
          19  -1.90734863E-06
          20  -9.53674316E-07
          21  -4.76837158E-07
          22  -2.38418579E-07
          23  -1.19209290E-07
          24  -5.96046448E-08
