   1.00000000               1 -0.718281746    
   1.32436061               2 -0.393921137    
   1.51243663               4 -0.205845118    
   1.61312592               8 -0.105155826    
   1.66514468              16  -5.31370640E-02
   1.69157374              32  -2.67080069E-02
   1.70489275              64  -1.33889914E-02
   1.71157825             128  -6.70349598E-03
   1.71492803             256  -3.35371494E-03
   1.71660399             512  -1.67775154E-03
   1.71744263            1024  -8.39114189E-04
   1.71786225            2048  -4.19497490E-04
   1.71807146            4096  -2.10285187E-04
   1.71817613            8192  -1.05619431E-04
   1.71822977           16384  -5.19752502E-05
