   3.82187441E-02
   3.68610665E-04
  0.188877761    
  0.827027619    
   1.57990586E-02
  0.974758923    
   8.05966705E-02
  0.207181603    
   1.63711957E-03
  0.786211908    
  0.290466607    
  0.671990991    
   6.71014041E-02
  0.796930194    
   9.17427093E-02
  0.387617946    
  0.238933250    
   2.56177653E-02
  0.233479142    
   1.42605961E-04
  0.222489744    
  0.292000055    
  0.921260238    
   1.58337262E-02
  0.489215493    
  0.347301334    
   3.95394251E-04
   5.25802821E-02
  0.380040556    
  0.281693518    
   4.75167036E-02
   2.90214699E-02
  0.188936353    
  0.848813713    
   5.43723404E-02
   6.59933761E-02
  0.258506507    
  0.149814487    
   5.87847866E-02
   2.71447785E-02
  0.509354472    
   2.75550708E-02
  0.278366625    
   2.88081914E-03
   5.31593178E-05
  0.618884385    
  0.460966527    
  0.627121687    
  0.559066236    
   9.63548155E-05
   4.34600748E-02
   5.05183600E-02
   1.26700606E-02
  0.641337693    
   2.82930117E-03
   8.70718732E-02
  0.648409128    
   9.89828110E-02
   9.72427614E-03
  0.558576345    
   6.08232291E-03
  0.138389081    
  0.950226665    
  0.918342352    
  0.143724829    
   3.79578806E-02
  0.928522408    
  0.264409125    
   1.94597838E-03
   7.69977225E-03
   8.40532687E-03
  0.691434801    
   2.96367705E-03
  0.495733440    
   7.35954288E-03
  0.670153260    
   1.09364314E-03
  0.458046377    
   1.66653134E-02
   7.93269426E-02
   8.21746793E-03
   7.25034997E-02
   8.15712009E-03
  0.257302970    
   1.15581683E-03
  0.708503067    
  0.605993390    
  0.195690796    
   3.27732153E-02
   1.69976716E-04
  0.105081208    
  0.327162325    
  0.162176460    
  0.179665312    
   9.73648485E-03
  0.789862633    
   3.89838312E-03
  0.560333669    
   5.20516245E-04
  0.253381103    
