  0.615766466    
  0.973032713    
  0.823798656    
  0.906615436    
  0.866524696    
  0.988210380    
  0.958044350    
  0.733603597    
  0.720707953    
  0.859777868    
  0.608063459    
  0.929313719    
  0.736304581    
  0.669826806    
  0.996487081    
  0.966126382    
  0.832752943    
  0.694429815    
  0.743594110    
  0.883625865    
  0.902502179    
  0.859011292    
  0.790630758    
  0.849445522    
  0.829354882    
  0.767811120    
  0.983516455    
  0.451175392    
  0.976174712    
  0.853092968    
  0.919370234    
  0.807019174    
  0.671272397    
  0.989776254    
  0.912772477    
  0.921285748    
  0.716667295    
  0.949920535    
  0.622746944    
  0.953669190    
  0.828185916    
  0.767003298    
  0.847732484    
  0.978451729    
  0.590247929    
  0.683608711    
  0.970420420    
  0.718827128    
  0.846481323    
  0.978694379    
  0.885573566    
  0.760603070    
  0.930355787    
  0.949917078    
  0.957259297    
  0.633187771    
  0.879225791    
  0.945782542    
  0.839728415    
  0.480446339    
  0.902338743    
  0.682132065    
  0.656912804    
  0.950005472    
  0.970746577    
  0.852586329    
  0.973320246    
  0.819304466    
  0.828409731    
  0.929184139    
  0.905944228    
  0.275898993    
  0.932192862    
  0.910210669    
  0.770402610    
  0.777272701    
  0.825044870    
  0.839817762    
  0.948631525    
  0.823721886    
  0.656526268    
  0.750710666    
  0.990370393    
  0.873307526    
  0.616722643    
  0.728137136    
  0.536909819    
  0.944754303    
  0.809528768    
  0.881907165    
  0.976655781    
  0.983086526    
  0.765649557    
  0.937129259    
  0.687575340    
  0.761904240    
  0.931275249    
  0.872967839    
  0.903507113    
  0.792500019    
