AMZ
2079.047119
1801.271118
2127.479980
2353.261963
2152.408691
2050.557373
2204.402588
2311.239502
2311.239502
2229.331299
2224.345459
2289.159912
2320.498779
2116.083984
2235.741455
1952.979614
1945.857178
2198.704590
2007.110352
2079.047119
1965.800049
1876.057007
2113.947266
2158.818848
2194.431152
1680.901489
1997.138916
2062.665527
2269.929199
2046.996094
2133.890137
2094.716553
2230.043457
2519.215576
2281.325195
2487.164307
2462.235840
2246.425049
2343.290527
2416.652100
2376.766113
2324.060059
2483.603271
2347.564209
2531.323730
2482.890869
2240.014893
2445.854004
2113.235107
2361.809082
2051.269531
2632.462646
2295.570068
2148.847412
2360.384521
2202.978027
1939.446899
2243.576172
2254.259766
2529.187012
2826.193604
2448.703125
2521.352295
3064.083984
2789.156982
2784.883301
2512.093018
2658.815674
2435.882568
2348.988525
2460.099121
1491.443970
2138.163574
2952.973633
2222.920898
2787.732422
2332.606934
2746.422119
2754.256836
2633.174805
2500.697021
2358.959961
2789.869141
2836.877441
2373.917236
3056.961426
2559.101318
2658.103516
3113.941162
2569.784912
2546.993164
2743.572998
2448.703125
2907.389893
2546.993164
2700.125977
2158.818848
2683.032227
2865.367188
2211.525146
