ARG
1583.323730
1774.917969
1283.468018
1820.501831
1314.806885
943.726501
1308.396606
1309.821167
1348.282471
1336.886475
1280.619019
1497.141968
1230.761719
1233.610718
1782.040527
1485.033691
982.187805
1233.610718
1610.389038
1637.454468
1372.498779
1316.231323
1158.824829
1415.233643
1261.388306
1548.423706
1200.847412
1423.068237
2152.408691
1853.977417
1543.437988
1098.283936
947.999939
1430.190796
1282.043457
1470.788818
1459.392822
1561.244141
1459.392822
1170.220825
1641.015747
1650.274902
1465.090820
1688.023926
1425.917236
1308.396606
1305.547607
1680.901489
1435.176514
1118.939087
1589.734009
1121.075806
1451.558105
1716.513794
1266.374146
1578.338013
1358.253906
1020.649109
1358.253906
1715.801514
1205.833130
1638.166748
1512.811279
1061.247070
1451.558105
1139.594238
1494.292969
1091.873779
1151.702393
1514.948120
1337.598755
962.957153
1600.417603
1561.956299
1382.470215
1871.071289
1356.117188
1190.163696
1544.150146
1746.428101
1390.304932
1919.504028
1264.949585
1316.943604
1491.443970
1958.677612
1648.138184
1762.809814
1108.255371
1541.301147
1443.011230
1761.385376
1324.066040
1360.390625
1523.494995
1570.503296
1426.629517
1131.047241
1680.901489
1534.890991
