AUS
205.126968
419.513123
322.647614
524.925598
361.108917
188.033051
333.331299
358.259949
364.670166
267.804657
254.271957
349.000732
309.827179
303.416962
341.166016
265.667908
486.464294
357.547699
123.218628
358.259949
200.853485
652.417725
415.951904
163.816666
396.009003
423.786591
507.119446
231.480072
296.294495
266.380157
490.025513
415.239655
185.896301
140.312546
231.480072
171.651382
180.910583
259.969940
328.345581
527.774597
266.380157
221.508621
465.096893
193.018768
656.691162
386.749786
237.890289
412.390656
358.259949
324.072113
356.123199
378.915070
275.639343
185.184067
131.053329
144.586014
534.897034
440.880524
355.410950
214.386169
215.098404
309.827179
429.484589
596.862488
467.233643
230.055588
373.217102
466.521393
470.794861
240.027039
764.240356
400.994720
544.156250
407.404938
368.943634
596.862488
685.893250
467.233643
331.906830
375.353851
372.504852
548.429749
588.315491
210.112686
269.941376
203.702469
452.276459
176.637100
509.968414
836.889526
967.942871
248.573990
571.221619
398.145721
160.967682
262.818909
344.727264
224.357620
93.304276
629.625793
