CAF
1175.918823
1108.255371
1130.335083
1251.416870
1177.343262
1242.157715
1325.490479
1145.292236
1116.090088
1194.437256
1131.047241
1190.163696
1469.364258
1289.166016
1206.545410
1215.804565
1262.100586
1244.294434
1267.798584
1178.767822
1320.504761
1309.821167
1412.384644
1188.026978
1344.721191
1247.855713
1283.468018
1301.986450
1179.479980
1164.522827
1076.204346
1074.067505
1152.414673
1421.643799
1213.667847
1109.679932
841.875244
1209.394409
788.456787
1255.690430
985.036743
1213.667847
1087.600220
957.971375
1304.835449
1421.643799
1173.782104
774.924072
1257.827148
1044.865479
1269.935303
1053.412476
801.989441
907.401917
1031.332764
984.324524
978.626526
948.712219
1148.853394
1014.238892
847.573181
1175.206543
1291.302734
1170.933105
1267.798584
1190.163696
1033.469482
1098.996216
1183.041260
1197.998413
972.216309
1064.096069
1092.585938
1112.528809
1191.588257
1066.945068
1304.123169
949.424438
1104.694214
1076.204346
987.173523
1226.488281
1024.210327
1009.965393
1159.537109
1001.418457
1175.206543
965.093872
1091.873779
1097.571655
1049.138916
1184.465698
1282.755737
932.330505
1210.818848
1021.361328
1148.141235
1074.779785
1321.217041
1117.514648
