CEU
933.042786
1120.363525
1142.443237
1082.614502
1105.406372
1188.026978
1128.910522
892.444702
1271.359863
881.048767
887.458984
1220.078125
1004.267395
980.763306
1093.298218
1133.896240
1048.426636
1052.700195
967.942871
1252.129150
1175.206543
1037.030762
826.918091
819.795593
1146.716675
1061.247070
1059.110352
898.854919
1292.015015
894.581482
1180.904541
968.655090
725.066833
1196.573975
941.589722
1146.716675
1012.814392
1147.428955
866.091614
1061.247070
1138.169678
1243.582153
829.767029
1179.479980
1003.555176
1066.945068
999.281677
1383.894775
887.458984
1189.451538
1108.255371
1026.347046
935.179504
830.479309
1439.449951
1252.841431
1115.377808
1288.453735
1121.075806
1294.151733
799.852722
821.932312
1056.261353
1318.368042
968.655090
743.585205
1300.561890
1158.824829
1242.157715
1196.573975
1361.102905
1177.343262
1145.292236
1123.924805
1046.289917
1271.359863
1242.869995
1308.396606
783.471008
1101.132935
967.942871
1069.081787
1153.126953
1381.045776
1462.241821
1053.412476
1148.141235
1108.967651
1216.516846
1255.690430
1418.082520
1351.131470
908.114136
1120.363525
1049.851196
1276.345581
1311.245605
1168.084106
1153.126953
1282.755737
