CHI
1409.535645
1416.658081
1665.232056
1399.564209
1198.710693
1507.113403
1066.232910
1776.342529
974.353088
2059.104248
1369.649780
1675.203491
1328.339478
1264.237305
1148.853394
1274.921021
1208.682129
921.646851
1554.833862
1350.419189
1813.379272
1131.047241
1306.972168
1472.213257
1468.652100
1420.219360
1654.548340
1088.312500
1546.999146
1412.384644
1183.041260
1324.778320
1704.405640
1589.734009
1146.004395
1235.747437
967.942871
1671.642334
1611.101318
1314.094604
1077.628784
1475.062256
1353.268188
1985.030640
1309.821167
1618.936035
1124.637085
1360.390625
1451.558105
1071.218628
1297.000732
1331.900757
1119.651367
1664.519775
1204.408691
972.928589
1148.141235
693.727966
850.422180
589.027771
841.162964
887.458984
1847.567139
1267.086304
1497.141968
1185.177979
1371.786499
1246.431152
1145.292236
1601.129883
1394.578491
1608.252319
1471.501099
1913.093872
866.803833
1337.598755
1468.652100
1077.628784
1426.629517
1017.087830
1742.154663
998.569458
1670.217773
1073.355347
1212.955566
1559.107300
1346.857910
1360.390625
1658.821899
1296.288452
1036.318481
1549.135864
1323.353760
1139.594238
1044.153198
1074.067505
1288.453735
1348.282471
1252.841431
1602.554443
