EUS
1480.047974
1221.502563
1257.827148
858.256897
1054.124634
1216.516846
974.353088
1281.331299
912.387634
911.675354
1462.241821
1034.894043
1150.277954
1129.622803
1253.553711
1292.727173
1446.572388
1193.012695
1151.702393
871.077332
931.618286
1174.494263
1031.332764
1228.625000
1344.721191
1218.653564
1296.288452
1277.770020
1460.105103
1272.784302
1084.039062
1383.894775
1145.292236
1188.739258
1455.831665
1118.939087
1228.625000
1419.507080
1116.090088
1387.455933
1188.026978
1121.075806
933.042786
1254.265869
1083.326782
1124.637085
1202.984131
1011.389893
1220.078125
932.330505
1128.198242
1045.577759
853.983398
1235.035278
1254.978149
945.150940
1079.765503
1148.141235
977.914307
1158.824829
1113.953369
1040.592041
1456.543823
1311.957886
1278.482300
1005.691895
1339.023193
1255.690430
1515.660278
1136.032959
1330.476318
1180.904541
1255.690430
1190.163696
1420.931519
1312.670044
1186.602539
972.928589
1417.370361
1747.852661
1089.024780
1300.561890
1136.032959
1013.526611
1202.271973
1574.776733
1109.679932
1195.149414
1159.537109
1145.292236
1108.967651
1287.741455
1240.733276
1435.176514
1173.782104
1195.861694
1297.000732
1562.668579
1402.413208
1168.796387
