IND
1242.869995
841.875244
1173.782104
1242.157715
690.166748
1103.269653
1492.156250
722.930115
1217.229126
990.734741
1232.898560
1277.057739
1428.054077
1272.784302
1207.969849
1199.422974
896.005981
1139.594238
1185.177979
960.820374
1117.514648
962.957153
1106.118652
1393.866211
1098.996216
1327.627319
1233.610718
1361.102905
1403.125366
1126.061523
1210.106567
715.095398
1108.967651
1230.761719
962.244873
1089.736938
1173.069824
1405.974365
1279.906738
978.626526
1308.396606
1228.625000
1158.112671
1216.516846
1411.672363
1121.075806
682.332031
1113.241089
1262.100586
978.626526
1444.435669
997.144958
1054.836914
1212.955566
1004.979675
1328.339478
1230.049561
939.453003
854.695679
1331.188477
970.791809
862.530396
1403.837646
950.848938
1487.170410
1097.571655
929.481567
1194.437256
814.809875
1065.520630
1090.449219
793.442505
1152.414673
1057.685913
1034.181763
1267.798584
799.140442
1086.175781
864.667114
1463.666382
1004.979675
753.556702
801.277222
1245.718994
884.610046
972.928589
1128.910522
950.136719
1000.706177
570.509338
1126.773804
777.060791
1013.526611
903.840698
1125.349243
1103.981934
1153.839111
975.777588
1127.486084
980.763306
