SAF
342.590515
240.027039
527.062317
433.045807
751.419922
721.505615
500.709229
403.843719
674.497314
522.076599
344.015015
361.108917
467.945892
430.909058
443.729492
347.576233
755.693420
366.806885
565.523621
316.949646
564.811401
448.002991
450.139709
784.183289
498.572479
299.855743
403.843719
391.023285
362.533417
282.049561
389.598785
434.470306
804.838440
1145.292236
510.680664
670.223877
620.366638
453.700958
449.427460
786.320007
636.036011
524.213318
744.297485
314.100647
527.062317
576.207336
805.550659
763.528137
857.544678
616.805359
663.101379
715.095398
905.977417
267.804657
838.314026
378.202820
958.683655
394.584503
506.407196
663.101379
607.546204
826.205811
552.703186
873.926331
721.505615
1077.628784
1132.471802
1034.894043
522.788879
577.631836
944.438721
619.654358
594.013489
378.202820
702.274963
831.903809
820.507874
732.189270
598.999207
844.011963
1126.061523
591.876770
1173.069824
821.932312
781.334290
716.519897
1071.930786
816.234375
946.575439
767.089355
1012.102112
523.501099
745.009705
1051.275635
647.431946
979.338806
862.530396
662.389160
717.232117
650.993225
