WUS
296.294495
346.151733
269.229126
232.192322
394.584503
362.533417
253.559723
358.972168
319.798645
306.265961
363.245667
355.410950
342.590515
239.314789
325.496613
543.443970
391.735504
264.243408
325.496613
368.943634
277.776093
252.847473
235.041306
310.539429
373.217102
365.382385
377.490601
395.296753
252.135223
707.972900
441.592773
401.706970
403.843719
438.743774
388.174286
316.949646
345.439514
385.325287
301.280212
433.758057
449.427460
411.678406
395.296753
325.496613
393.160004
284.186310
444.441742
374.641602
339.741516
306.978210
363.245667
481.478577
364.670166
437.319275
443.729492
257.833191
438.031525
344.015015
503.558197
418.088623
410.966156
378.202820
377.490601
302.704712
325.496613
195.155518
263.531158
335.468048
339.029297
320.510864
377.490601
435.894806
502.845947
311.963928
238.602539
334.043549
337.604797
306.978210
318.374146
292.733276
306.978210
269.229126
326.921082
380.339569
562.674622
490.737762
349.000732
603.984924
314.100647
340.453766
303.416962
241.451523
349.712982
369.655884
371.080383
418.088623
233.616821
291.308777
327.633331
512.105164
