  -1.70459938    
 -0.897630692    
  -1.05004406    
  -1.28154278    
  -1.66172600    
  -1.53373909    
   3.87022781    
  -1.56809044    
  -1.40709305    
   2.06886387    
  -1.23388386    
 -0.506467819    
  -1.15744591    
   2.59999275    
  -1.05896378    
  -1.12603569    
   2.94274426    
 -0.858473778    
 -0.873278618    
   3.06026363    
  -1.25040150    
  -2.07917786    
   2.30362320    
 -0.435818672    
  -1.83903503    
   1.31664467    
  -1.56279659    
  -1.64441490    
 -0.932342529    
  -1.06356049    
  -1.25682449    
  -1.15485096    
  -1.63470268    
  -1.17503262    
   3.41200447    
   4.46878433    
   3.09880733    
 -0.642680168    
 -0.874237061    
   4.34215164    
  -1.63580036    
 -0.603426933    
  -1.55505657    
  -1.43539238    
   3.85478783    
  -1.29335308    
 -0.955840111    
  -1.08437634    
 -0.805519104    
  -1.52233124    
  -1.24901867    
  -1.23613834    
  -1.03993607    
  -1.51083755    
  -1.44614410    
  -1.82496262    
  -1.67421722    
 -0.640954971    
  0.673128128    
 -0.906087875    
  -1.64206505    
  -1.27240372    
   2.37932014    
  -1.72862911    
 -0.758210182    
  -1.24503231    
  -1.01020813    
  -1.37984848    
  -1.75706005    
   2.24297714    
  -1.22148132    
  -1.19182491    
  -1.30045795    
  -1.64077377    
   2.56572914    
 -0.951751709    
  -1.60302639    
 -0.481919289    
   3.22203732    
  -1.61622810    
  -1.29696274    
  -1.62882042    
  -1.66299629    
  -1.61721420    
  -1.46573257    
  -1.89266205    
 -0.788650513    
   3.59797096    
   3.28994179    
  -2.05379581    
  -1.29353714    
 -0.353096008    
   1.71722412    
  -1.80224323    
   5.80644989    
  -1.82133102    
  -1.41243458    
 -0.937117577    
  -1.33888817    
 -0.336165428    
   4.90566349    
  -2.41686249    
  -1.81305790    
  -1.77987576    
  -1.26134396    
  -1.59304523    
 -0.484716415    
 -0.815587044    
   3.97716331    
  -1.48076534    
 -0.608961105    
   3.95008087    
 -0.908161163    
   3.37386036    
  -1.65759277    
  -1.43404198    
   4.08402443    
 -0.596881866    
  -1.15987873    
  -1.59201622    
  -1.49250984    
   2.97542095    
  -1.49023247    
  -1.80963707    
  -1.53195190    
   5.33109856    
 -0.802308083    
   2.03865528    
  -1.74684620    
  -1.55601978    
 -0.627957344    
  -2.06970215    
   3.03659439    
 -0.317621231    
  -1.43714142    
  -1.67382431    
  0.744849205    
  -1.43022346    
  -1.52194023    
  -1.38452053    
 -0.473529816    
  -1.04033279    
  -1.21653175    
 -0.931109428    
  -1.27846622    
 -0.727663040    
  -1.48314953    
 -0.724166870    
 -0.230177879    
  -1.84151459    
  -1.35605907    
   3.60858822    
  -1.96972847    
 -0.266589165    
 -0.522452354    
 -0.874526978    
 -0.587543488    
  -1.32578373    
  -1.18122292    
  -1.27438736    
  -1.36777782    
   3.89024925    
   2.95704842    
   2.36307240    
  -1.54820919    
  -1.63043880    
  -1.59295845    
  -1.35219765    
  -1.35035896    
   4.19173431    
   2.83899689    
   3.94885635    
  -1.67378330    
  -1.40787315    
  -1.45085716    
   3.15687752    
 -0.663228989    
  -1.54922581    
   3.92982101    
  -1.30250359    
   1.97221756    
   1.59922600    
  -1.29143333    
   4.03202438    
  -1.43301868    
  -1.29788303    
  -1.39516449    
  -1.54914761    
  -1.38823986    
   2.72671795    
 -0.898817062    
   4.04829884    
  -1.43760109    
  -1.05942631    
  -1.44761658    
  -1.89206600    
   2.00778008    
  -2.03706741    
 -0.597127914    
  -1.82991886    
  -1.25205135    
  -1.38174152    
 -0.423115730    
  -1.34272003    
  -1.44770145    
 -0.831979752    
  -1.21734524    
  -1.14582062    
  -1.91132164    
   2.99669456    
  -1.87169647    
  -1.16397285    
  -1.25465584    
 -0.778559685    
  -1.16137409    
  -1.44648170    
  -1.99711895    
   4.20090199    
  -1.15277290    
   3.00475883    
  -1.63460350    
 -0.855985641    
 -0.780317307    
   3.89588451    
  -1.40359116    
   2.84588814    
 -0.595191956    
   2.71291351    
  -1.72914982    
  -1.24422550    
  -1.59395409    
  -1.56460190    
  -1.66851234    
  -2.17419720    
  -1.22645569    
  -1.27787590    
   3.46190453    
 -0.978982925    
  -1.74772644    
 -0.676308632    
   2.43907738    
  -1.59991264    
  -1.45543289    
  -1.78155899    
 -0.911078453    
  -1.64925098    
  -1.24921608    
  -1.62366962    
  -1.22841930    
   2.58723164    
 -0.830659866    
   2.09346390    
   3.29434586    
  -2.04760313    
 -0.774283409    
  -2.18020058    
  -1.72678852    
 -0.623812675    
   2.56895638    
   2.71323967    
  -1.38803101    
  -1.98896980    
  -1.60415459    
   2.22447300    
  -1.27014160    
  -1.74119473    
  -1.50206947    
  -1.65466309    
  -1.08514404    
 -0.862670898    
  -1.12814426    
   1.25308037    
  -1.73241138    
  -1.76271057    
  -1.22025585    
  -1.52888107    
  -1.05408096    
 -0.969180107    
  -1.40170288    
  -1.93251228    
  -1.22120762    
   3.49599075    
   1.97059822    
  -1.28352547    
  -1.99754333    
  -1.15116882    
  -1.26071167    
  -1.87798977    
 -0.647453308    
 -0.849563599    
  -1.21335125    
   4.93271065    
   4.05335903    
   2.98635674    
  -1.43398285    
  -1.37781906    
   4.58724785    
 -0.829478264    
  -2.29257107    
  0.893488884    
 -0.635294914    
  -1.34977436    
  -1.35208607    
  -1.32922935    
 -0.837835312    
  -1.64107895    
  -1.39060974    
   4.53493214    
   5.61458969    
  -1.55443192    
  -1.32098293    
   3.47602081    
   3.79446030    
   1.76185417    
  -1.88176537    
 -0.546460152    
  -1.15522766    
 -0.820075035    
  -1.80895424    
   1.30722809    
  -1.50629044    
  -1.91458225    
  -1.77574635    
   3.85664082    
  -1.20312500    
   2.88183689    
  -1.44175434    
   2.70536900    
   3.67372608    
  -1.35353947    
   1.90297222    
  -1.58439255    
  -1.81292152    
  -1.46423435    
   1.69071293    
  -1.56272793    
 -0.584918022    
  -1.49595451    
 -0.931444168    
   2.71821117    
  -1.08072472    
  -1.55133343    
 -0.817685127    
  -1.94963074    
  -1.32377148    
  -1.62618637    
 -0.322549820    
 -0.850233078    
 -0.348178864    
 -0.731619835    
  -1.53901291    
  -1.31332397    
   4.91120148    
 -0.468220711    
  -1.50453377    
  -1.55401993    
  -1.13547134    
   3.87265110    
   3.10792351    
   1.66272259    
   4.21082115    
   2.82897758    
  -1.53241158    
 -0.605043411    
   1.42421532    
  -1.55106926    
 -0.907773972    
 -0.688951492    
   2.87233353    
  -1.08380508    
  -1.12207603    
  -1.49455070    
  -1.53640652    
  -1.30956459    
   3.45907402    
  -1.19874859    
   3.52724075    
   2.25288486    
   4.15194035    
  -1.37402439    
 -0.751447678    
  -1.76050186    
  -2.02890491    
   3.43699265    
  -1.35216808    
  -1.22081757    
  -1.27775192    
  -2.20000648    
   3.28175735    
  -1.66107750    
   2.90316772    
  -1.43584061    
   3.64321518    
 -0.860410690    
   2.86925411    
   2.38444805    
  -1.86469650    
  -1.58793545    
  -1.73066711    
   3.91462421    
 -0.723209381    
  -1.67848492    
  -1.37203979    
  -1.60077190    
 -0.716725349    
  -1.37541771    
  -1.47307968    
 -0.315581322    
  -1.55959129    
   1.17432499    
  -1.83032417    
   2.71708584    
 -0.247984886    
  -1.49120903    
 -0.980753899    
  -1.61057472    
   3.18519115    
   4.22788620    
  -1.04981232    
  -2.10508251    
   2.38822746    
 -0.528720856    
  -1.48497009    
  -1.74288177    
  -1.50064373    
  -1.56483459    
   2.52428818    
  -1.50261974    
  -1.82046032    
 -0.938451767    
 -0.880636215    
 -0.423147202    
  -1.22226906    
   2.83293915    
   3.88161469    
   2.37817574    
  -1.95890045    
  -1.39732361    
   2.59410477    
 -0.743162155    
 -0.548688889    
  -1.75561428    
   4.71996117    
  -1.38007927    
  -1.41403580    
  -1.35942554    
  -1.84106255    
  -1.15469837    
  -2.13792324    
   4.61104012    
   3.21646500    
   1.11874771    
   2.28596115    
 -0.381340027    
   2.05870438    
 -0.796190262    
  -1.63377571    
  -1.38161278    
  -1.61397552    
 -0.313581467    
   3.86647129    
   2.94259453    
  -1.06941223    
 -0.573945045    
  -1.37736893    
 -0.315246582    
 -0.690655708    
   4.33538532    
  -1.58268929    
  -1.73779297    
   3.10466194    
   2.67525196    
  -2.23028183    
   2.56956291    
  -1.49014091    
   2.39044189    
  -1.57332802    
  -1.54937363    
  -1.68915653    
  -1.56734371    
  -1.44650936    
  -1.88181973    
 -0.955652237    
  -1.53425407    
 -0.718128204    
 -0.966836929    
   3.03164864    
 -0.572367668    
  -1.50793648    
 -0.587394714    
  -1.57983685    
 -0.447035789    
   3.03168106    
  -1.62453556    
 -0.876399040    
   2.79697418    
  -2.07192039    
 -0.817832947    
  -1.56057358    
  -1.46808529    
 -0.861478806    
 -0.639589310    
   2.99264812    
 -0.797170639    
   4.10067558    
   1.18477058    
 -0.833506584    
   3.43645573    
  -1.12931347    
  -1.24246979    
  -1.68043613    
 -0.830997467    
  -1.72551060    
 -0.689930916    
  -1.21681213    
  -1.64843464    
   3.55414581    
   3.49188995    
  -1.18673515    
  -1.53216553    
 -0.750584602    
  -1.28184509    
   3.80763912    
   2.76222420    
  -1.52777290    
  -1.45600128    
  -1.31821442    
  -1.32736588    
 -0.713972092    
  -1.09110928    
  -1.99943733    
  -1.36941051    
   3.19653606    
  -1.45467567    
  -1.51158810    
  -1.69891357    
   2.03401089    
   3.41656780    
 -0.776350021    
  -1.77893257    
  -1.46515369    
   4.77172852    
  -1.69309711    
 -0.889639854    
  -1.31425667    
   3.47016716    
  -1.53308964    
  -1.95049763    
   2.11112118    
 -0.752899170    
 -0.853189468    
  -1.90108204    
  -1.83819866    
  -1.70867062    
   3.87037182    
  -1.59066391    
   3.89226437    
  -1.72736168    
  -1.20113564    
  -1.34269810    
 -0.629083633    
  -1.52674198    
  -1.91144371    
   2.37622166    
  -1.50070763    
 -0.882387161    
 -0.788661003    
  -1.47294617    
   2.13744164    
  -1.34033775    
  -1.44834328    
   3.59845352    
   3.09274769    
  -1.32353401    
   1.79060364    
   4.50920582    
   3.11164856    
  -1.50361633    
  -1.12748909    
  -1.20868301    
   3.76290226    
   3.53014374    
  -1.53324509    
 -0.947986603    
   3.07972336    
  -1.58949757    
  -1.56893826    
   4.49360752    
  -1.64888382    
   2.54886818    
  -1.17371655    
  -1.61605263    
  -1.07601738    
  -1.30868435    
 -0.919548035    
  -1.73952675    
 -0.345788002    
   2.36055374    
  -1.88478088    
  -1.04587173    
  -1.46296597    
  -1.43413067    
  -1.64482021    
   1.95824051    
  -1.53713226    
 -0.706301689    
   1.62872219    
   4.41316032    
  -1.54699516    
   2.83366966    
  -1.59210014    
  -1.70446491    
   3.26517963    
  -1.57741928    
 -0.920863152    
  -1.57596111    
 -0.574689865    
  -1.27424622    
  -1.45420551    
  -1.66660881    
  -1.24969482    
 -0.753376007    
  -1.07726002    
  -1.85821152    
  -1.55324745    
  -1.32521248    
  -1.09601212    
  -1.36325073    
  -1.76162910    
  -1.52971458    
   1.81236362    
  -1.57825375    
   5.67796516    
  -1.24928474    
  -1.32429218    
  -1.49916458    
   4.31936646    
 -0.714125633    
  -1.62356281    
 -0.631312370    
  -2.04706192    
   2.20296288    
  -1.28121567    
 -0.495672226    
   2.13964367    
   3.06298065    
   3.55747032    
   3.85099602    
   3.26816177    
 -0.532419205    
  -1.43442631    
  -1.43368149    
  -1.47603130    
  -1.57629871    
  -1.65764809    
  -1.24318027    
  -1.26308537    
 -0.670578003    
  -1.89989853    
   2.55639839    
   1.70568085    
  -1.50810432    
   3.39519119    
  -1.75337029    
   3.60623455    
 -0.728215218    
   3.49401283    
   2.92228508    
  -1.23697758    
  -1.71287346    
   3.85578060    
  -1.78270149    
   2.75349998    
 -0.709767342    
  -1.59121037    
   2.14948082    
  -1.79281425    
   3.27355289    
 -0.863653183    
 -0.611901283    
  -1.55122185    
  -1.31825829    
  -1.81023121    
  -1.94882011    
   3.33940315    
 -0.547455788    
 -0.855445862    
  0.708438873    
 -0.845514297    
   1.81306362    
 -0.317639351    
   2.82138634    
  -1.45843029    
  -1.41264057    
   4.60863876    
   3.38056660    
   3.51201916    
  -1.76032829    
  -1.67100906    
   2.73743439    
   2.35273266    
  -1.34069538    
  -1.16399860    
   2.63707542    
 -0.674733162    
  -1.81435204    
   3.13985062    
  -1.64641380    
 -0.380247116    
  -2.04711437    
  -1.29295158    
   1.76534653    
 -0.647394180    
   2.68501854    
  -1.42664146    
 -0.435733795    
  -1.04576111    
 -0.762438774    
  -1.61859703    
  -1.72321320    
  -1.25019646    
   2.44490528    
  -1.41957092    
  -1.46594048    
  -1.68580627    
 -0.610418320    
  -1.52707100    
  -1.94704628    
  -1.66924953    
 -0.371833801    
  -1.37614441    
 -0.673070908    
   3.18208694    
  -1.18801212    
  -1.27940559    
  -1.94064999    
  -1.70539856    
   3.16111660    
  -1.36672592    
 -0.424051285    
   3.38348484    
  -1.45393944    
   3.42447090    
   3.57246971    
  -1.44646835    
  -1.26885891    
  -1.80352402    
  -1.34233665    
 -0.974315643    
   3.60711861    
  -1.37692547    
 -0.317190170    
   3.31647491    
 -0.787982941    
  -1.78202438    
  -1.17562485    
  -1.23732567    
  -1.89322948    
   3.56076336    
 -0.992448807    
  -1.32707977    
  -1.63240433    
  -1.70457649    
  -1.84595680    
 -0.625724792    
  -1.54516602    
 -0.524202347    
  -1.19276524    
  -1.67669201    
 -0.736165047    
  -1.18188763    
  -1.68762302    
 -0.862247467    
   3.15580940    
 -0.855314255    
  -1.38237858    
 -0.785778999    
   3.34981441    
  -1.28485203    
  -1.28579521    
  -2.28144169    
   3.13739681    
  -1.55027390    
  -1.40636253    
  0.647597313    
  -1.19839668    
   3.07559776    
  -1.52810669    
  -1.38242531    
   2.25759983    
  -1.55284691    
  -1.66128063    
  -1.66551018    
   4.30418205    
  -1.49538994    
  -1.51771164    
   3.22311878    
  -1.70999432    
   3.26933956    
  -1.40579319    
   3.59927654    
  -1.40302467    
  -1.59869576    
   1.15558243    
   1.97022438    
  -1.00248146    
   3.54784489    
 -0.631525040    
  -1.49913216    
  -1.47332764    
 -0.684104919    
 -0.703854561    
 -0.767130852    
   3.62787437    
  -1.36555481    
  -1.16432190    
  -1.49623775    
  -1.15208721    
  -1.00192547    
   2.71364975    
 -0.768803596    
 -0.650028229    
  -1.52769184    
  -1.51898384    
  -2.41037464    
  -1.81335068    
   1.42775059    
   3.00781441    
   2.11409760    
  -1.39419746    
  -1.04653549    
 -0.717249870    
 -0.627960205    
  -1.75128746    
  -1.33696175    
 -0.582841873    
   5.84048843    
  -1.54860020    
  -1.53865814    
   3.48308754    
 -0.580665588    
   2.28664589    
 -0.541093826    
  -1.06947136    
  -1.27059746    
 -0.908658981    
  -1.62926483    
 -0.776565552    
  -1.28139973    
  -1.83995247    
   4.44488907    
 -0.392475128    
 -0.745050430    
   3.70850372    
  -1.63691711    
  -1.81175232    
   2.33664322    
  -1.68922329    
  -1.86578369    
   3.98905659    
 -0.776786804    
   2.16594505    
  -1.91141033    
 -0.241647720    
 -0.510626793    
  -1.78711700    
  -1.51032352    
  -1.16855526    
   3.70759964    
   3.15116119    
  -1.71700954    
  -1.01387215    
   2.90388966    
  -1.67289257    
   5.22343063    
  -1.44628525    
   2.84607124    
  -1.65405273    
  -1.24587154    
  -1.44423103    
   2.50631237    
   2.38085175    
  -1.77414036    
   4.29690266    
   5.63230896    
 -0.636415482    
  -1.36820889    
   2.12803459    
  -1.43395233    
  -2.26849318    
  -1.49545479    
 -0.628481865    
   4.94765759    
  -2.01242924    
   1.47286892    
  -1.63597202    
  -1.56618690    
  -1.45101357    
 -0.973506927    
  -1.74108315    
   2.55643463    
 -0.683422089    
 -0.638436317    
  -1.77513313    
 -0.995641708    
  -1.59435463    
  -1.36340046    
  -1.24046326    
 -0.908058167    
  -1.85648155    
 -0.990831375    
  -2.16349220    
  -1.68071938    
  -1.33433533    
 -0.965270996    
  -1.22249699    
 -0.522077560    
  -1.31767845    
  -1.91786575    
  -1.51150322    
  -1.10593891    
  -1.76459503    
  -1.61820030    
  -1.84280205    
  -1.85022354    
   2.66254902    
 -0.898292542    
 -0.984735489    
 -0.882612228    
   3.14083672    
 -0.804219246    
  -1.09699059    
   2.98427486    
 -0.681634903    
   4.05418396    
   2.30753422    
  -1.26473618    
 -0.624370575    
  -1.30294037    
   2.07877159    
  -1.70759583    
  -1.37032127    
  -1.90594864    
 -0.775028229    
   1.73655891    
 -0.836637497    
  -1.24339199    
  -1.32920265    
  -1.73128986    
  -2.02295685    
  -1.22630310    
   3.17103577    
   2.69130230    
  -1.51449776    
 -0.647275925    
 -0.454059601    
   2.93086624    
  -1.11279297    
 -0.593800545    
  -1.36126518    
   3.32432270    
  -1.15967655    
 -0.615110397    
  -1.77990341    
  0.151678085    
   1.50816345    
  -1.44904041    
   4.02323246    
  -1.34889698    
   4.61834431    
   3.87962532    
  -2.00268984    
  -1.69989014    
  -1.28842545    
  -1.74250221    
 -0.769804955    
  -1.18475056    
  -1.38483524    
   3.43573475    
   2.70895004    
  -1.01904774    
   3.94135666    
   3.25299263    
   2.75319195    
  -1.26014137    
  -1.44716454    
 -0.350933075    
  -1.35914707    
  -1.56765079    
  -1.78701591    
  -1.81059837    
 -0.807878494    
   2.66314507    
  -1.82679367    
 -0.666915894    
   3.76462460    
   4.42845440    
  -1.24636269    
  -1.15000343    
  -1.34108734    
   1.54067039    
  -1.84586143    
  -1.85231400    
   2.69932652    
   3.59805012    
  -1.39889145    
  -1.62152672    
   3.34854603    
  -1.42013168    
  -1.07973289    
  -1.57583141    
   3.12804317    
  -1.26067638    
  -1.76107407    
  -1.34535313    
  -1.65551662    
   3.81296062    
  -1.62578201    
   2.13242531    
  -1.67043781    
  -1.71952057    
 -0.555945396    
  -1.41504478    
 -0.993243217    
  -1.22979164    
 -0.677968025    
   3.10057259    
 -0.847753525    
  -1.85783958    
 -0.707443237    
 -0.740927696    
 -0.789619446    
   3.07875729    
   3.98755836    
  -1.77925682    
  -1.36253929    
  -1.26332855    
 -0.996883392    
  -1.36856651    
  -1.54070091    
  -1.13140011    
  -1.00728989    
  -1.16559124    
  -1.08242416    
   4.05798531    
  -1.36387348    
   2.37087345    
   3.00291061    
 -0.966650009    
  -1.64838886    
  -1.69955730    
  -1.62570763    
   2.83041763    
  -1.23347187    
   3.71820259    
  -1.26994133    
  -1.23220921    
 -0.817956924    
  -1.48332500    
   1.94472122    
  -1.14609623    
  -2.17030048    
   2.52313232    
 -0.761808395    
  -1.23447609    
  -1.46341419    
  -1.50659370    
   3.41241360    
  -2.34368229    
 -0.422365189    
  -1.37629318    
   4.82131386    
   2.95833206    
  -1.29230309    
  -1.57171059    
 -0.712940216    
  -1.72917461    
   2.74771881    
 -0.506142616    
  -1.51184940    
   3.12267303    
  -1.91099358    
  0.716029167    
  -1.46219635    
   1.71687317    
  -1.20151901    
   1.32466793    
   2.63608837    
   3.41411781    
  -1.85103512    
  -1.88957310    
   1.88250351    
 -0.379373550    
  -1.55570889    
  -1.53272820    
  -1.94847107    
  -1.03948593    
  -2.07594299    
 -0.663681984    
   4.76070499    
  -1.58545876    
  -1.00521469    
  -1.73780537    
  -1.49077034    
 -0.995373726    
  -1.95176506    
  -1.71089077    
  -1.19115067    
 -0.533639908    
  -1.70858192    
  -1.65720844    
   2.13607788    
  -1.37264442    
   2.84279251    
  -1.89320564    
   2.10409164    
 -0.979721069    
  -1.16485405    
  -1.55972672    
 -0.587862968    
  -1.30971718    
  -1.39515686    
  -1.14640331    
  -1.61718941    
 -0.577688217    
  -1.79312325    
  -1.85709572    
  -1.76753139    
  -1.72212410    
  -1.93381500    
  -2.40408897    
  -1.70765972    
  -1.21569157    
 -0.890184402    
  -1.62882900    
   3.78825283    
  -1.87351227    
   2.54088211    
  -1.73260498    
 -0.344849586    
  -1.41021633    
   4.55376816    
   2.74968624    
 -0.993684769    
  -1.56311989    
   3.46806145    
 -0.604554176    
  -1.08276844    
  -1.61073875    
  -1.46145058    
  -1.52690792    
 -0.917402267    
  -2.26318359    
 -0.696561813    
 -0.908718109    
  -1.59940624    
  -1.42936134    
 -0.806348801    
 -0.867452621    
   2.80904770E-02
   2.08836651    
  -1.67545700    
 -0.473904610    
  -1.44926548    
   2.12372208    
  -1.44675446    
   3.53995895    
  -1.59633160    
  -1.87027454    
   3.54046345    
   1.36658669    
 -0.812911034    
 -0.543866158    
  -1.31895256    
 -0.537023544    
 -0.636514664    
 -0.980714798    
  -1.76222610    
 -0.208896637    
  -1.42345810    
   2.58488560    
   4.39678001    
 -0.693305969    
  -1.47086239    
   3.78413296    
 -0.810704231    
   3.16077137    
   2.71246815    
   3.63472939    
 -0.844076157    
  -1.05394745    
 -0.447118759    
 -0.529460907    
   3.65148735    
 -0.855510712    
 -0.633101463    
  -1.37811661    
  -1.34420300    
 -0.689887047    
 -0.812618256    
   2.46303654    
  -1.65114403    
   4.48784828    
 -0.501144409    
 -0.867775917    
 -0.300174713    
  -1.52177238    
 -0.851379395    
  -1.37852478    
  -1.48340034    
 -0.601093292    
   1.85755634    
 -0.472321510    
  -1.25868893    
  -1.04504204    
  -1.28577042    
  -1.85233974    
   3.52803135    
  -1.89212227    
   2.77167892    
  -1.69470596    
  -1.66939354    
 -0.883510590    
 -0.730560303    
   3.45232964    
   2.07276821    
  -1.23168755    
  -1.62106991    
  -1.23768997    
  -1.84984016    
  -1.54622459    
  -1.05800629    
  -1.85815907    
  -1.07679844    
   2.88807774    
  -2.11316013    
 -0.733177185    
   2.42635155    
   1.86048126    
   3.21649933    
   4.46059132    
   1.97544479    
 -0.909279823    
   4.28599834    
  -1.06037235    
  0.718124390    
  -1.49550438    
   4.23099899    
   2.83990002    
  -1.56928444    
  -1.03392506    
  -1.61581612    
   3.38225937    
  -1.33067989    
  -1.87796211    
  -1.68755627    
  -2.14683914    
  -1.56809044    
  -1.98510361    
   3.52777290    
  -1.21357822    
  -1.22026634    
  -1.85500526    
  -1.65118599    
 -0.640403748    
  -2.01859093    
   2.10538769    
  -1.78542328    
   3.60130405    
  -2.07306147    
  -1.98445129    
  -1.40562630    
  -1.51408768    
 -0.993036270    
 -0.419681549    
  -1.44019032    
  -1.39657593    
  -1.41978645    
  -1.86275387    
 -0.857326508    
   2.50767517    
  -1.71396637    
  -1.63307762    
  -1.58118153    
  -1.61151791    
  -1.63370991    
  -2.09520245    
   2.05314541    
  -1.32006264    
  -1.85519123    
 -0.601941109    
   2.67024517    
   3.53347778    
  -1.61719799    
  -2.04309368    
  -1.13395214    
  -1.85914421    
   1.84475899    
  -1.52980614    
  -1.06555080    
   4.70899105    
  -1.33735180    
   1.49733448    
  -1.14312077    
  -1.44379520    
   2.78063869    
  -1.52660179    
 -0.778615952    
  -1.43024254    
  -1.70656967    
   5.28325844    
   3.28259468    
   4.38582993    
  -1.28768158    
   3.90771294    
  -1.37205982    
   4.09839439    
  -1.62913799    
  -1.39119244    
   4.46868134    
  -1.09100246    
 -0.707653999    
  -1.40006256    
   2.37319469    
   2.80179977    
   4.32517624    
 -0.634561539    
   3.66841412    
  -1.74070835    
   3.78424454    
  -1.22501564    
   3.65893269    
   1.85231781    
   2.10069561    
  -1.68763161    
   2.25134277    
  -1.35749054    
  -1.89783001    
  -1.65843773    
 -0.799050331    
  -2.21064806    
  -1.58252621    
  -1.55399704    
 -0.524615288    
   1.39527798    
  -1.81320763    
  -1.33425522    
 -0.934473038    
  -1.24568462    
  -1.88582039    
  -1.36482143    
  -1.28825283    
   1.47543812    
   4.12767792    
 -0.797816277    
  -1.85744286    
 -0.280387878    
   3.37276936    
 -0.679702759    
   2.47395897    
   3.46024418    
 -0.710338593    
 -0.646215439    
   2.93995380    
  -1.19715691    
   4.12042713    
  -1.43504715    
   4.58624363    
 -0.510040283    
  -1.71920013    
  -1.47563457    
   2.78506374    
   2.50167751    
 -0.671138763    
   3.19586658    
  -1.11796570    
  -1.58370399    
  -1.91315556    
  0.951672554    
  -1.36324501    
   3.70139503    
   3.76289463    
  -2.00232983    
   1.86144066    
  -1.55648041    
  -2.23817825    
 -0.783885956    
   3.00790882    
   3.99654293    
  -1.36753559    
  -1.04845810    
 -0.931688309    
  -1.71127319    
   5.34713650    
  -1.64660454    
   3.05926895    
  -1.54219627    
  -1.99905205    
 -0.889795303    
  -1.17821217    
  -1.53164673    
   2.83957100    
  -1.38511753    
  -1.43661118    
 -0.687025070    
   3.83223915    
  -1.23117542    
 -0.662060738    
 -0.861679077    
 -0.743061066    
 -0.487484932    
   3.74610806    
   3.83013725    
  0.842527390    
  -1.69526577    
  -1.32522678    
  -2.23685837    
 -0.409726143    
 -0.292500496    
 -0.680320740    
  -1.58445168    
  -1.72914982    
   3.12640953    
  -1.76716995    
  -2.08420277    
 -0.936435699    
   2.22975922    
 -0.917238235    
 -0.687719345    
  -1.66691589    
   5.18983078    
  -1.07771492    
  -1.42092514    
  -1.42967987    
  -1.68673992    
   3.13345051    
  -1.63004684    
   1.77939606    
   2.88471699    
  -1.42837620    
  -1.30879879    
  -1.28487110    
  -1.64554691    
  -1.28196907    
  -1.06607914    
 -0.453568459    
   2.06431770    
  0.849250793    
  0.985054970    
   3.85391808    
   3.29857349    
  -1.64516449    
   2.53357506    
  -1.72686100    
   2.23891830    
  -1.90603352    
   1.83028698    
   1.73748589    
 -0.896006584    
   3.14783669    
 -0.726304054    
  -1.16498470    
   4.31577778    
  -1.20815086    
 -0.743084908    
 -0.898674011    
   2.57503319    
  -1.42401695    
  -1.26043892    
  -1.26962852    
   1.97521019    
  -1.39844131    
  -1.94479370    
  -2.12835407    
 -0.678095818    
   2.31314564    
  -1.36686707    
 -0.387166977    
 -0.592134476    
   2.87991428    
   3.74218082    
   3.07171917    
  -1.49913311    
   3.39402771    
  -1.76994514    
   2.00590134    
  -1.25800323    
  -1.67367935    
   3.25308704    
  -1.07332993    
   4.37290955    
   1.75613308    
  -1.83709049    
  -1.62017918    
   3.66521072    
   4.52126026    
   3.93217087    
   3.75748539    
  -1.59695721    
   1.15045452    
  -1.33222198    
  -1.88388824    
   4.11146736    
 -0.280112267    
   3.31408310    
 -0.544252396    
   2.55268860    
  -1.38005066    
  -1.97599888    
  -1.61762047    
 -0.551904678    
  -2.00685024    
 -0.840334892    
 -0.388244629    
 -0.487609863    
  -1.35831928    
  -1.90602779    
  -1.98246861    
  -1.33948708    
 -0.842833519    
  -1.30687237    
   3.16167736    
  -1.60700417    
   1.59451103    
  -1.37506580    
  -1.23789215    
 -0.354008675    
  -1.93117142    
  -1.84414387    
   2.61722946    
 -0.497269630    
  -1.94960403    
  -1.01687908    
   2.50316620    
   3.90842628    
   2.86364365    
   1.55022717    
  -1.29528427    
 -0.348158836    
  -1.90961075    
 -0.833840370    
   4.97333527    
 -0.799726486    
 -0.805660248    
  -1.91491604    
 -0.722942352    
 -0.700681686    
   3.53754997    
  -1.76597691    
  -1.36594009    
  -1.61177063    
  -1.55123901    
  -1.57714462    
  -1.38614273    
  -1.50848484    
   2.11450386    
  -1.91974163    
  -1.39669895    
   3.22481251    
   2.99070263    
  -1.69471836    
  -1.42824078    
   2.11651230    
  -1.38787174    
 -0.817004204    
   2.87109280    
  -1.81052208    
  -1.69929600    
  -1.09969330    
  -1.92587662    
 -0.569462776    
  0.695834160    
  -1.48527336    
  -1.11792946    
 -0.897101402    
  -1.63656235    
   3.28806496    
  -1.53944397    
 -0.479219437    
  -1.05274773    
  -1.92831612    
  -2.00438404    
  -1.29125786    
   3.80667686    
  -1.04092216    
   3.42159176    
  -1.48288155    
  -1.46448994    
  -1.35289955    
  -1.39331818    
 -0.627119064    
  -1.48052025    
 -0.536831856    
  -1.81998634    
  -1.14554214    
  -1.31262589    
   2.34209633    
   5.25222874    
  -1.08942986    
  -1.74805832    
   2.73123169    
 -0.680191040    
  -1.54740810    
  -1.33041859    
   3.72736835    
  -1.36624908    
   3.05084610    
  -1.46869564    
   2.13738918    
 -0.570745468    
  -1.66772747    
   2.39025593    
 -0.513147354    
   2.29164696    
  -1.00511074    
   5.05824661    
  -1.64811039    
   4.31194687    
 -0.815043449    
  -1.56013680    
  -1.50169849    
  -1.49109840    
 -0.965665817    
  -1.44545078    
   2.79399776    
   2.85749817    
  -1.43507004    
   4.25047874    
  -1.29516697    
  -1.30620098    
  -1.05693054    
 -0.934519768    
 -0.351169586    
   3.77980137    
  -1.31389618    
   3.28081894    
 -0.985542297    
   4.85542679    
   3.11164474    
  -1.46391487    
   3.41668606    
  -2.10369349    
  -1.62268066    
   4.24171257    
   3.54727745    
   2.60783958    
  -1.48363876    
  -2.05460167    
 -0.525531769    
  -1.34958363    
   2.14432716    
   4.07524490    
 -0.641542435    
 -0.532440186    
  -1.20416069    
   3.13009644    
 -0.829735756    
  -1.40190220    
   5.56786919    
  -1.04368401    
   3.50094414    
 -0.349161148    
   4.84375191    
  -1.30081654    
 -0.968452454    
 -0.163572311    
   1.89871407    
  -1.48501396    
  -1.84175110    
 -0.941105843    
   3.89896774    
 -0.554754257    
   2.97335243    
   3.48070908    
  -1.93608379    
 -0.629297256    
 -0.854344368    
   2.09458828    
   2.42225075    
   1.38105297    
  -1.58306980    
  -1.42486191    
   3.98746586    
   3.95680809    
  -1.29453564    
  -1.42333889    
  -1.29236794    
 -0.483893394    
  -1.57273674    
   2.60315037    
 -0.663355827    
  -1.27715683    
  -1.86649513    
 -0.690164566    
  -1.37841606    
 -0.971817970    
 -0.521830559    
  -1.30044556    
   4.42397022    
 -0.825973511    
 -0.865470886    
   4.04655457    
 -0.804623604    
  -1.11268425    
  -1.00724983    
 -0.553165436    
   2.88882256    
   3.29465103    
 -0.749531746    
  -1.50843430    
  -1.59793758    
  -1.51747322    
   2.92844009    
   3.44398022    
  -1.94267845    
  -1.30548954    
  -1.73118496    
 -0.907440186    
   2.83097076    
   4.49745655    
   3.28757191    
   2.76524639    
 -0.778723717    
  -1.27426720    
  -1.28122711    
 -0.706430435    
   2.68365955    
  -1.95224953    
  -1.77358627    
 -0.312551498    
   2.18384838    
   3.27422047    
  -1.13064766    
   3.20301247    
   2.27409744    
 -0.908222198    
   4.72194195    
   3.77538586    
 -0.804948807    
 -0.297962189    
  -1.48445320    
   1.82943535    
   2.22725105    
  -1.32815456    
  -1.37452507    
   3.67074490    
  -1.84497356    
  -1.54159737    
  -1.26990700    
  -1.66812706    
  -1.68928909    
   2.95312691    
  -1.57501411    
  -1.34659958    
  -1.08982849    
  -1.55548477    
  -1.86828232    
   3.57659531    
   3.39561462    
  -1.56204033    
   2.88563919    
  -1.39406967    
 -0.948027611    
  -1.25625801    
  -1.43531322    
  -1.56126022    
  -1.16196060    
   2.77935505    
  -1.81416988    
  -1.39008522    
  -1.09862137    
   3.95138741    
   4.14048576    
  -1.63381386    
  -1.81880951    
 -0.481619835    
  0.903864861    
   4.76165581    
 -0.819114685    
  -2.38501072    
   2.79973412    
  -1.63152599    
  -2.13095188    
  -1.27612686    
  -1.54473686    
   1.83922577    
  -1.59901237    
   3.39925194    
  -1.20784187    
   3.93850422    
  -1.58716106    
  -1.83215714    
  -1.43361282    
  -1.29873657    
  -1.76555252    
 -0.171316147    
 -0.477767944    
   3.98708916    
  -1.57152176    
   4.76090622    
  -2.11793804    
  -2.35464191    
 -0.590535164    
 -0.956726074    
   2.59187126    
   3.25537300    
   3.23709393    
  -1.66384602    
 -0.819704056    
   3.34195518    
  -1.50352669    
  -1.35523224    
  -1.32944965    
   3.78745461    
  -1.78010178    
   4.10126877    
  -1.24934673    
  -1.28372097    
  -1.27532959    
  -1.09975624    
   4.07918930    
  -1.33562660    
 -0.848511696    
  -1.64655304    
   4.11238194    
   3.90484428    
 -0.838566780    
   3.81116295    
   4.02792072    
  -1.27487278    
  -1.68597794    
 -0.891581535    
 -0.846432686    
  -1.84846306    
  -2.12106466    
  -1.44307041    
  -1.16988659    
   3.63517284    
 -0.737504005    
   2.53104019    
  -1.77734280    
  -1.69665813    
  -1.66646481    
 -0.882246017    
  -1.40815830    
 -0.587270737    
  -1.32810211    
   2.26089668    
  -1.53929234    
 -0.798419952    
   4.15790367    
   1.50201702    
  -1.10308838    
  -1.04133987    
  -1.75268745    
   5.21415901    
  -1.02131653    
  -1.26370430    
   1.37880135    
  -1.67437553    
   1.82863140    
  0.904281616    
   3.08450890    
 -0.683076859    
  -1.08120823    
   4.20628643    
   2.36258411    
  -1.47249603    
 -0.822731018    
  -1.50762939    
 -0.643201828    
  -1.49256516    
  -1.40553093    
  -1.08999634    
   1.88641453    
  -1.11605453    
  -1.87004662    
  -1.36575317    
   2.20722198    
 -0.476854324    
   2.15692139    
  -1.16977692    
  -1.24321461    
   3.57643700    
  -1.29762268    
  -1.07301712    
   3.06693077    
  -1.78281689    
   2.89276505    
   4.28992367    
  -1.83134842    
  -1.24176407    
  -1.26530457    
  -1.34807014    
  -1.98230934    
   3.20516968    
 -0.776117325    
  -1.36796093    
 -0.853177071    
   5.45483685    
  -1.73393440    
  -1.67135048    
  -1.41107368    
 -0.773943901    
  -1.58266544    
 -0.770313263    
 -0.898366928    
   3.84188557    
   3.93825626    
   4.29551125    
   3.56568813    
  -1.33465004    
  -1.11169434    
   3.56005669    
  -1.43252468    
 -0.745761871    
  -1.49538422    
  -1.18772888    
   3.01984406    
  -1.72572517    
   3.73695278    
   3.19909096    
   1.51026535    
  -1.89424515    
  -1.90525246    
   3.06205940    
   2.77495956    
   4.18247128    
  -1.69024467    
  -1.63884926    
  -1.13313770    
   2.52559185    
 -0.877413750    
  -1.31773949    
  -1.20968723    
   3.20095253    
  -1.22805691    
   4.27272224    
   1.86141109    
  -1.33742237    
  -1.39790440    
  -1.62031269    
   2.55133724    
 -0.817297935    
  -1.98386669    
   3.34908104    
  -1.52004433    
   3.08522224    
  -1.46257019    
   2.60281944    
   3.73211288    
  -1.64299202    
   3.50936031    
   2.54541779    
  -1.02574921    
  -1.47303963    
 -0.714673042    
  -1.18028545    
 -0.800193787    
  -1.54257870    
   2.89424419    
  -1.69638729    
 -0.676166534    
  -1.67459869    
  -1.82081127    
  -1.25979424    
 -0.504075050    
  -1.31543159    
 -0.619908333    
 -0.501047134    
 -0.970716476    
  -1.97714806    
 -0.715957642    
 -0.333156586    
   1.86190128    
  -1.03941727    
   3.62921333    
   3.22928429    
  -1.36377525    
  -1.68622971    
   3.52476311    
   3.95573807    
 -0.517462730    
  -1.82468987    
 -0.882034302    
  -1.60513306    
   2.49785042    
   2.87388039    
  -1.22674465    
   3.31388283    
  -1.54004478    
   3.37249660    
 -0.870785713    
  -1.57016182    
 -0.515799522    
  -1.71015644    
  -1.67899609    
 -0.941357613    
  -1.47483635    
  -1.35675430    
   3.00540447    
   2.07476521    
   3.41994858    
   3.46817017    
   1.97589302    
 -0.867934227    
   1.18138504    
 -0.507553101    
  -1.57669163    
   1.83160400    
  -1.74584007    
  -1.73003960    
  -1.58380604    
   2.01991177    
 -0.664718628    
   5.24482632    
   3.62203026    
  -1.55451965    
  -1.78140450    
  -1.32293606    
   2.64320564    
  -1.27139187    
 -0.759524345    
 -0.913103104    
  -1.42088127    
  -1.57711220    
  -1.28730679    
  -1.96532440    
   3.26925659    
   4.44571495    
 -0.427165985    
  -1.63740540    
 -0.877193451    
   2.43289471    
   2.24577141    
  -1.59357834    
 -0.978522301    
   4.28126335    
  -2.00859165    
   3.24803734    
 -0.723656654    
  -1.26062012    
  -1.82355118    
 -0.528862000    
  -1.30797195    
  -1.71207905    
   2.99157715    
   4.43225479    
   1.59076309    
  -1.34925938    
  -1.70334721    
  -1.84515953    
  -1.57047081    
  -1.45549297    
   1.67093277    
  -1.34501076    
   1.58118248    
  -1.62005615    
   3.38650799    
 -0.946755409    
  -1.24114609    
 -0.826992035    
   3.93054104    
  -2.03323126    
  -1.67016220    
   4.88550758    
  -1.53804874    
  -1.41153908    
  -1.12046051    
  -1.74446869    
 -0.267936707    
   2.97032356    
  -1.28502655    
   2.74260044    
 -0.430965424    
  -1.73088646    
  -1.09106922    
  -1.47898769    
  -1.65753365    
   3.60306549    
   4.29911613    
  -1.30560398    
 -0.959539413    
  -1.49527740    
   3.27567196    
  -1.26924038    
  -1.68166542    
  -1.73149586    
 -0.449551582    
  -1.20954514    
 -0.581043243    
   5.17375755    
   2.89561749    
  -1.37120342    
  -1.79330635    
   2.13154984    
  -1.39039898    
  -1.53431320    
   2.57388306    
 -0.604795456    
  -1.24389076    
  -1.20198154    
   3.61393166    
  -2.15013027    
   1.46712399    
   3.95027542    
  -1.38033485    
  -1.55501461    
 -0.461865425    
 -0.365715981    
 -0.701305389    
   2.71651459    
  -1.96775627    
  -1.86464500    
   1.68700027    
   3.23326588    
  -1.03573418    
  -1.81821918    
  -1.65329170    
 -0.931652069    
   1.62634754    
 -0.512719154    
 -0.634293556    
  -1.43804169    
 -0.645146370    
  -1.33595276    
  -1.41776562    
  -1.75673962    
   2.54665184    
   2.90530300    
 -0.576710701    
   2.47365856    
 -0.930505753    
   2.31104851    
  -1.36658859    
   2.28180122    
   3.75662327    
  -1.27862453    
  -1.60620213    
  -1.13471031    
   1.99545765    
  -2.03670740    
 -0.856486320    
  -1.31989670    
  -1.44752884    
 -0.753513336    
  -1.22392464    
  -1.00664902    
  -1.21475315    
  0.116138458    
   2.91913986    
  -1.25138855    
 -0.383149147    
  -1.55230713    
  -1.42751217    
 -0.888607025    
 -0.453563690    
  -1.33304119    
 -0.494998932    
   3.75861740    
   4.63989067    
 -0.533633232    
  -1.10840988    
  -1.09397411    
  -1.73129654    
 -0.431885719    
   1.77835083    
 -0.477308273    
  -1.87654591    
  -1.26102257    
  -1.09589672    
 -0.631198883    
  -1.79697800    
  -1.32003784    
  -1.68923855    
  -1.55611229    
  -1.79555511    
  -1.46319962    
  -1.48617554    
  -1.77326775    
  -1.76356506    
  -1.72559261    
   3.19227028    
  -1.17795372    
  -1.80733299    
 -0.656150818    
  -1.57084846    
  -1.33780670    
 -0.902956009    
   4.28167152    
   1.19135952    
  -2.29766941    
  -1.78324223    
  -1.80364132    
   4.84802055    
 -0.707922935    
   2.31220722    
  -1.13968277    
 -0.844674110    
  -1.54469109    
  -1.42490005    
  -1.48706436    
   3.71356583    
  -1.97383976    
  -1.38645744    
 -0.754794121    
  -1.52070427    
   1.45936489    
  -1.19629765    
  -1.92553043    
   2.07078838    
  -1.56823635    
  -1.84880829    
  -1.11590004    
 -0.917209625    
   3.69621086    
  -1.62754059    
   1.97350311    
  -1.63820839    
  -1.87278557    
  -1.55688381    
   2.72060776    
   2.14488602    
 -0.676391602    
  -1.27852345    
  -1.43185520    
   4.24660683    
   3.17091751    
   2.08389187    
 -0.513381004    
 -0.557741165    
  -1.09888554    
  -1.75210953    
   1.13031483    
 -0.631635666    
 -0.481290817    
   2.69190598    
  -1.76063919    
  -1.04031181    
   3.59385586    
   2.89610100    
  -1.74418449    
 -0.707078934    
 -0.560791016    
  -1.27466679    
  -1.30194664    
 -0.632616043    
  -1.10077477    
  -1.90349197    
   2.89367580    
 -0.788433075    
   2.46818352    
 -0.896026611    
  -1.45900917    
  -1.75466061    
  -1.62485886    
 -0.923390388    
 -0.904003143    
  -1.68154907    
  -1.29257202    
  -1.87407970    
  -1.35770035    
  -1.48782825    
   2.05193615    
  -1.48728561    
 -0.826288223    
  -1.92530060    
   3.79567146    
 -0.472627640    
   3.53968525    
   3.75727177    
   1.82005119    
  -2.20407391    
  -1.52916431    
   2.07678318    
  -1.02711773    
 -0.805163383    
  -1.64113903    
   3.00830841    
  -1.85445786    
   2.66174698    
  -1.54354954    
 -0.809503555    
 -0.649518013    
  -1.31300449    
   2.26417160    
  -1.64345264    
 -0.623264313    
 -0.622035980    
   2.84963036    
  -2.09110737    
   1.38700485    
  -2.03651190    
   2.71133995    
  -1.57446671    
  -1.65856266    
  -1.46507740    
  -1.64865971    
   4.09892464    
   2.44990444    
   4.87177849    
  -1.53408146    
   2.27662563    
  -1.49372101    
 -0.395211220    
 -0.668244362    
 -0.886297226    
   2.25340462    
  -1.55157089    
  -1.62292671    
  -1.62602997    
   3.57245541    
  -1.42793560    
   1.89274025    
 -0.916256905    
   2.75636196    
  -1.28916168    
   1.14192867    
  -1.51346397    
  -1.58601570    
  -1.89392948    
  -1.41382980    
 -0.647222519    
   1.72688675    
 -0.513553619    
   4.38566971    
  -1.67968750    
  -1.71638107    
  -1.35604095    
 -0.733613968    
   1.90473461    
  -1.40104771    
  -1.44271851    
  -2.06982374    
  -1.32331371    
  -2.01722240    
  -1.42961979    
  -1.87142563    
  -1.85552120    
 -0.446359634    
  -1.46340847    
  -1.76135159    
   3.82195282    
  -1.02953148    
  -1.54557705    
 -0.609494209    
  -1.39380264    
   3.22334766    
   3.15489006    
  -1.65661335    
  -1.03425026    
  -2.00548744    
  -1.97736263    
  -1.04161835    
  -1.68395233    
   4.27443695    
  -2.30013943    
  -1.35368443    
  -1.71514416    
  -1.50328636    
  -1.73072720    
 -0.878901482    
   2.96698761    
  -1.43047810    
  -1.26080513    
   4.08065319    
  -2.62949944    
 -0.482835770    
  -1.76250935    
  0.915687561    
  -1.18651772    
   3.05171394    
  -1.38688278    
  -1.09206581    
   4.14412498    
   3.14160824    
  -1.44813347    
  -1.46161652    
  -1.35839653    
  -1.26095867    
   1.84845829    
 -0.934047699    
  -1.59543800    
  -1.42693996    
   1.49945641    
   2.31063843    
   5.03171444    
  -1.40525341    
   3.35379791    
  -1.79852486    
  -1.45280457    
  -1.66341019    
  -1.17053413    
 -0.435686111    
  -1.48134041    
 -0.444239616    
   2.78063393    
 -0.640550613    
  -1.85740566    
 -0.718976021    
  -1.52817249    
  -1.38362312    
  -1.39702702    
  -1.33539772    
   2.81858921    
  -2.05280066    
  -1.49673367    
  -1.24820328    
  -1.60204983    
  -1.95189095    
  -1.37919807    
  -1.41351128    
   2.76482105    
   3.41064262    
  -1.38094425    
   1.23434067    
  -1.33923912    
  -2.01177835    
   3.63731194    
 -0.757532120    
 -0.714329720    
  -1.62042046    
   3.31638718    
  -2.12834263    
  -1.37464333    
   4.14940453    
  -1.60690308    
 -0.680603981    
  -1.28697014    
  -1.42538261    
  -1.52698994    
  -1.72482014    
   2.30659962    
  -1.61963272    
 -0.746284485    
  -1.71359253    
  -1.54483986    
  -1.29621410    
  0.849649429    
  -1.20662308    
   3.29610825    
   1.33238029    
   2.46487617    
  -1.20387459    
  -1.57920933    
 -0.887363434    
   2.67147923    
 -0.729169846    
  -1.80134678    
  -1.32771969    
 -0.888456345    
 -0.954905510    
  -1.40212250    
 -0.610212326    
  -1.05331612    
 -0.935473442    
   3.06454849    
  -1.74124527    
  -1.55277824    
  -1.39049339    
  -1.29906082    
  -1.00480556    
  -1.49365616    
  -1.14316082    
  -1.72802544    
   2.40161991    
  -1.61859035    
  -1.81327724    
  -1.62892532    
 -0.708140373    
 -0.876431465    
  -1.37905598    
  -1.45048141    
 -0.939864159    
  -1.00131607    
  -1.19172001    
 -0.738689423    
   4.56562901    
 -0.433792114    
  -1.51016712    
  -1.10521221    
 -0.365103722    
  -1.24382782    
 -0.920545578    
   4.59364986    
 -0.562389374    
 -0.413136482    
   4.26348114    
 -0.724496841    
  -1.32459545    
 -0.913072586    
   5.24478054    
  -1.21543407    
  -1.05968571    
  -1.54512501    
  -1.20168781    
  0.855479240    
  -1.45457649    
  -1.47946739    
 -0.757485390    
   2.26190472    
  -1.69073868    
  -1.20450592    
   3.29706192    
  -1.29345798    
 -0.768350601    
  -1.77564716    
 -0.948887825    
   2.84316826    
   2.72775841    
   2.97336960    
  -1.28668308    
   3.44652653    
  -1.98112011    
  -1.37492180    
 -0.901078224    
 -0.970146179    
   4.26756668    
   2.43076420    
   4.73768044    
  -1.16892338    
  -1.04632854    
 -0.458793640    
  -1.27260971    
   3.55818367    
 -0.711544991    
   4.32695389    
  -2.13944817    
  -1.20465088    
   3.10378456    
  -1.47454071    
  -2.19304466    
  -1.33643150    
 -0.910649300    
  -1.18082523    
  -1.59852123    
  -1.83538532    
   1.75482941    
  -1.59371948    
  0.577750206    
   2.30067444    
  -1.80668640    
 -0.971237183    
   3.14169025    
  -1.00982189    
 -0.538887024    
  -1.73060322    
 -0.651091576    
 -0.756185532    
 -0.512524605    
  -1.50917149    
   3.17377090    
  -1.57369709    
  -1.38232422    
  -1.59214115    
 -0.622296333    
  -1.38529778    
   3.07911777    
  -1.01054192    
 -0.802827835    
  -1.44865894    
 -0.847811699    
  -1.42000389    
   4.10057259    
  -1.64649391    
   3.22393799    
  -1.14186478    
   2.83880711    
  -2.01399899    
 -0.870389938    
 -0.916746140    
 -0.492958069    
  -1.62669086    
 -0.587699890    
  -1.46309471    
  -1.09913731    
  -1.25806808    
  -1.64679718    
   3.31866741    
  -1.54290962    
   4.33471584    
  -1.41322041    
  -1.79360962    
 -0.472415924    
  -2.09210014    
 -0.833955765    
  -1.66940880    
  -2.06082106    
  -1.21994019    
  -1.90708160    
  -1.61096764    
   3.56200218    
  -1.70148468    
   4.16638851    
  -1.77588081    
  -1.45316505    
  -1.50039577    
   4.12824154    
  0.802292824    
   2.70474529    
 -0.591253281    
   2.66632175    
 -0.937066078    
  -1.78256512    
  -1.04486656    
  -1.50879002    
  -1.75924683    
 -0.508171082    
  -1.76365471    
  -1.48315334    
  -1.69400406    
   2.43428993    
 -0.698166847    
   3.85082245    
  -1.66810894    
 -0.474597931    
  -1.94378853    
   1.80912018    
 -0.798536301    
  -1.06722736    
   2.54638863    
   3.08187866    
  -1.23358727    
  -1.42393494    
   1.49826622    
  -1.26202774    
  -1.58083725    
   3.43766689    
  -1.39435196    
  -1.34111023    
   1.25307178    
  0.846581459    
  -1.44411087    
   2.99226284    
  -1.35283089    
  -1.93645096    
  -1.19194412    
  -1.29030609    
   3.43120384    
   5.09074116    
   2.12497616    
   2.74135590    
   3.71260166    
  -1.31065845    
   3.70271301    
  -1.06521702    
  -1.81528473    
  -1.14966965    
  -1.68360901    
 -0.923438072    
  -1.49029732    
  -1.98001289    
  -1.57673836    
  -1.17205429    
   2.92000580    
  -1.14743328    
 -0.825698853    
 -0.737148285    
  -1.49542904    
  -1.19078541    
 -0.684795380    
 -0.916995049    
   4.02302933    
  -1.39570427    
 -0.597058296    
 -0.470791817    
 -0.991240501    
  -1.43722534    
  -1.06088257    
  -1.07850075    
 -0.703215599    
   1.69100380    
  -2.10952520    
   1.16617966    
  -1.53332329    
  -1.09615421    
  -1.38224983    
  -1.92746067    
  -1.32731915    
   2.83927727    
  -1.50412941    
   2.43935966    
   4.63348961    
  -1.84796715    
 -0.828904152    
 -0.951091766    
  -1.76266670    
  -1.28804970    
  -1.56211376    
  -1.68373966    
 -0.680199623    
  -1.44260597    
  -1.59773445    
  -1.79921913    
  -1.13889694    
   3.59549713    
   3.26136780    
  -1.56711483    
 -0.537563324    
 -0.589680672    
   1.91606331    
   3.77809715    
   3.38669300    
  -1.06367493    
 -0.467085838    
  -1.63381481    
   4.57827473    
   2.72729301    
 -0.212446213    
  -1.79337120    
  -1.82855034    
  -2.05752277    
   3.56758881    
  -1.04094028    
 -0.769332886    
  -1.57150459    
  -1.27685356    
  -1.22233582    
   3.83725548    
  -1.45000839    
  -1.18964577    
  -1.87542343    
  -1.30577660    
   4.46131802    
  -1.30889511    
  -1.28297234    
 -0.160848618    
  -1.73843479    
   2.51970482    
   3.13463688    
   3.52656555    
  -1.10927677    
  -1.37034225    
  -1.29450226    
   2.11761570    
  -1.17299843    
  -1.60834408    
  -1.38358021    
  -1.46709347    
  -1.47284985    
   3.21816826    
   5.79380798    
  -1.52190971    
 -0.287104607    
  -1.63047600    
 -0.907698631    
  -1.38818932    
 -0.841253281    
   3.60808754    
 -0.881060600    
  -1.66458702    
   4.42296886    
  -1.09596729    
  -1.68042946    
   1.44207954    
   4.28825951    
  -2.11962128    
  -1.35124588    
  -1.11837482    
  -1.68075562    
   1.98366547    
  -1.71092987    
  -2.01224899    
  -1.63356590    
 -0.359346390    
  -1.68105602    
 -0.543991089    
   1.41326332    
 -0.624940872    
 -0.885037422    
  -1.34035206    
  -1.96549034    
  -1.00788975    
   3.35451221    
  -1.66222668    
  -1.58548450    
   2.91386795    
 -0.561412811    
  -1.42515755    
  -1.62651062    
  -1.47426033    
 -0.660869598    
  -1.03446865    
  -1.50223351    
   3.03628731    
  -1.23686981    
  -1.21333027    
   3.13603878    
   4.37682152    
   4.01167297    
 -0.688199043    
  -1.23682213    
   2.21413422    
  -1.72840023    
   1.33921814    
   3.76274586    
 -0.885154724    
   2.75645161    
  -1.41415405    
  -1.26462460    
  -1.13334084    
  -1.85905933    
  -1.75442219    
 -0.597621918    
  -1.71517277    
  -1.52209282    
  -1.31518555    
 -0.934887886    
   4.36624336    
  -1.65111542    
   2.53496170    
 -0.664130211    
  -1.36905670    
   2.91167831    
 -0.524316788    
  -1.82394123    
   3.27649498    
 -0.825325012    
  -1.15046692    
   2.97692394    
 -0.629349709    
  -1.57943344    
  -1.11976528    
   3.96691322    
  -1.01546478    
  -1.46256065    
  -1.73547649    
  -1.33038139    
 -0.714198112    
   2.72020245    
  -1.87844467    
  -1.88165760    
   3.53755951    
 -0.403164864    
 -0.685516357    
 -0.459109306    
  -1.39079094    
  -1.97970963    
  -1.86599159    
  -1.28064728    
   3.26517200    
 -0.734720230    
  -1.25904179    
  -1.78684711    
 -0.875391960    
 -0.712274551    
   2.35673428    
 -0.654479980    
   5.24273491    
 -0.907747269    
  -1.57400513    
  -1.14745998    
 -0.832209587    
 -0.523906708    
 -0.912282944    
  -1.33376694    
  -1.36296749    
   2.92274284    
  -1.69029045    
 -0.282362938    
 -0.750312805    
  -7.46040344E-02
  -1.21837807    
   3.02732849    
   4.02442741    
 -0.736813545    
 -0.310638428    
  -1.22733498    
  -1.85410118    
 -0.891381264    
 -0.663669586    
  -1.30844879    
  -1.65835381    
  -2.09565878    
   3.78234959    
  -1.40430450    
   2.91475773    
   2.55561638    
 -0.613790512    
 -0.484894753    
  -1.43475533    
  -1.38950920    
   3.69870281    
   3.59503174    
  -1.59807968    
  -1.23198986    
  -1.29766560    
  -1.38764381    
   3.65750885    
 -0.396262169    
   4.46205330    
  -1.53927422    
 -0.797883987    
   4.64766502    
 -0.548962593    
 -0.293211937    
  -2.16372490    
   1.34184456    
  -1.17425919    
 -0.770246506    
 -0.709783554    
  -1.32454681    
 -0.524106026    
 -0.603652954    
  -1.52459335    
  -1.47648335    
  -1.39757061    
   2.60278702    
  -1.30690002    
   2.22454453    
   4.24161339    
  -1.31437683    
   3.73778439    
 -0.773702621    
 -0.468852997    
 -0.279132843    
   2.26409435    
  -1.46076965    
   3.20261955    
   3.58973026    
   3.71957874    
 -0.681777000    
   2.59117126    
  -1.12579727    
 -0.473375320    
  -1.43463612    
  -1.23147964    
  -1.68070221    
  -1.04902267    
   3.57252979    
 -0.899532318    
  -1.60189819    
  -1.67004490    
 -0.965237617    
  -1.07109642    
 -0.663496017    
 -0.553702354    
  -2.10037327    
  -1.92768478    
  -1.37048912    
  -1.66826057    
  -2.41333866    
  -1.16018391    
  -1.82667542    
 -0.770535469    
  -1.18731022    
  -1.47186089    
 -0.822635651    
 -0.623422623    
  -1.83344936    
  -1.67167473    
  -1.50846386    
  -1.48158932    
  -1.44760609    
  -1.88058472    
   3.96596336    
   1.32237911    
  -1.46554375    
  -1.64370537    
 -0.470165253    
   2.50619507    
 -0.570108414    
   3.62906933    
 -0.893297195    
  -1.01139832    
   3.80235100    
  -1.28169060    
  -1.45122719    
  -1.35445404    
 -0.338178635    
  -2.03558064    
  -1.50534248    
 -0.678070068    
  -1.42233372    
   3.18888855    
   4.02146339    
   2.08654022    
   2.15710545    
  -1.31670952    
  -1.42549515    
   3.03361988    
  -1.24584770    
  -1.40416336    
  -1.33494759    
 -0.585516930    
  -1.53722382    
  -1.67981720    
   3.47488976    
  -1.34261322    
  -1.38200569    
  -1.62806416    
  -1.93156338    
  -1.86792755    
  -1.69657326    
  -1.40898800    
  -1.81033325    
   5.00909042    
 -0.483345032    
  -1.69629860    
 -0.708105087    
  -1.09688187    
  -1.38795853    
   3.67873192    
  -1.40011883    
  -1.86915016    
  -1.83807182    
  -1.71259785    
  -1.13831425    
  -1.84434700    
  -1.45479965    
 -0.644906998    
   1.78916359    
  -1.45407677    
  -1.95920467    
  -1.87798595    
 -0.725382805    
  -2.13983154    
   3.86137486    
  -1.72255898    
  -1.70143700    
   3.19442654    
 -0.796828270    
  -1.56735420    
   3.06752300    
   3.16018867    
 -0.916868210    
  -1.95243645    
  -1.48258209    
   1.79387474    
 -0.516002655    
  -1.55316162    
  -1.45048904    
  -1.50361443    
  -1.15765476    
 -0.669631958    
  -1.34062862    
 -0.887923241    
  -1.86562634    
 -0.555039406    
 -0.785597801    
  -1.12705708    
 -0.637817383    
  -1.17040539    
 -0.969820976    
   3.81750679    
   2.80410004    
 -0.788756371    
  -1.53904915    
   3.27687263    
 -0.299276352    
   3.14114380    
 -0.596741676    
  -1.43681622    
  -1.15934181    
  -1.57990932    
 -0.701088905    
   2.17040634    
  -1.21533203    
  -1.64850140    
  -1.21381664    
   4.21481133    
 -0.513551712    
   2.94444084    
   3.80804920    
  -1.59488773    
  -1.48827076    
  -1.65136337    
  -1.63003922    
  -1.50000381    
  -1.36947632    
  -1.40536404    
  -1.02587891    
   4.17180061    
 -0.791483879    
   2.02324772    
  -1.51240158    
  -1.23886299    
 -0.647439957    
 -0.827886581    
   4.18595505    
  -1.90424824    
  -1.59492970    
  -1.60940170    
   1.46656227    
   2.33156395    
  -1.39624596    
 -0.548771858    
  -1.59923935    
  -1.63650990    
  -1.51390171    
  -2.05786943    
 -0.968940735    
  -1.80587196    
  -1.76295090    
  -2.26979971    
   2.84560013    
   4.07650471    
 -0.975098610    
  -1.54910946    
  -1.20901108    
  -1.71168423    
   3.02446175    
   4.24910355    
   1.98755360    
  -1.73912621    
   2.46827698    
 -0.774557114    
  -1.89228058    
   3.37310791    
  -1.73274517    
  -1.77652931    
 -0.776287079    
 -0.744038582    
  -1.10086060    
 -0.494792938    
  -1.83357620    
   2.84346676    
  -1.88677692    
  -1.51697636    
  -2.12718248    
  -1.95880795    
  -1.41317749    
   1.86035633    
  -1.21394634    
   4.28529358    
  -1.24414825    
  -1.82919502    
 -0.715504646    
   1.58891296    
   2.67594814    
  -2.21572781    
   3.91909504    
  -1.11076736    
 -0.540782928    
 -0.928457260    
  -1.61113834    
  -1.04769707    
 -0.354711533    
  -1.43867302    
  -1.59631252    
  -1.64012432    
  -1.66650867    
  -1.47935390    
  -1.95504284    
 -0.702967644    
   3.43093300    
 -0.877264023    
 -0.710578918    
 -0.662785530    
   3.14066887    
  -1.59804344    
   2.00307465    
   3.16688538    
 -0.505775452    
   1.71596432    
 -0.631759644    
  -1.51671410    
  -1.38656044    
  -1.09176254    
  -1.84313583    
 -0.378455162    
   3.12466049    
  -1.85180187    
   2.73913383    
  -1.55538654    
   1.90942955    
  -1.52368355    
  -1.78732395    
  -1.18317699    
 -0.795908928    
 -0.583300591    
   2.86976624    
 -0.853467941    
  -1.51939392    
 -0.843814850    
 -0.934334755    
  -2.19534016    
  -1.35604477    
   3.94454575    
   5.35196877    
   2.52286816    
   2.47946835    
   3.13579559    
  -1.37751770    
   2.77766991    
   4.34704876    
   3.43951035    
  -1.55542755    
  -1.22686577    
  -1.98712730    
 -0.949402809    
  -1.56220055    
  -1.15211582    
 -0.859918594    
  -1.74617958    
 -0.426973343    
  -1.29907417    
  -1.32856846    
   3.79407883    
  -1.13775826    
  -1.80098343    
   3.41858864    
  -2.21689796    
  -1.59349537    
   2.74836349    
   2.64903164    
   2.57377243    
  -1.97986126    
 -0.624538422    
 -0.930768013    
  -1.34695148    
 -0.531715393    
  -1.08239365    
 -0.698350906    
  -1.22237396    
   2.94099045    
  -1.52202034    
   3.16613007    
  -1.83419132    
 -0.782822609    
  -1.44781113    
   2.69914436    
   3.15310097    
  -1.39101028    
   3.27824783    
 -0.342241287    
   3.16794014    
  -1.24145031    
   4.45112991    
   2.99975014    
   2.44519997    
  -1.56819916    
  -1.77796173    
  -2.02354813    
  -1.79945946    
   4.16042519    
  -2.25356960    
  -1.50855064    
  -1.21736145    
  -1.93125343    
  -1.52766991    
  -1.05013943    
   3.73482323    
  -1.81183624    
 -0.865745544    
  -1.55332470    
   1.38465786    
  -1.84178162    
  -1.76049042    
  -1.17090130    
  -1.77609444    
 -0.992861748    
   3.83713531    
  -1.20532513    
  -1.21676540    
 -0.581548691    
  -1.49155998    
   1.47722244    
 -0.602062225    
   3.60672951    
  -1.30270767    
   4.68106365    
  -1.71217346    
  -1.58183670    
   2.87102699    
  -1.25949764    
 -0.517349243    
  -1.13355732    
   2.67549992    
  -1.75682163    
 -0.795331001    
 -0.756143570    
   3.15115452    
   3.51411057    
 -0.597294807    
  -1.72580719    
 -0.515808105    
  -1.01504135    
 -0.561467171    
  -1.39822483    
 -0.535371780    
  -1.13860130    
   2.14387989    
 -0.837297440    
   2.12372589    
  -1.58508492    
   3.03628063    
   2.57545090    
   2.43005657    
 -0.444359779    
  -1.17089462    
 -0.326189995    
  -1.48393059    
  -1.33471012    
   4.51686096    
  -1.32003880    
  -1.32482624    
  0.654911041    
 -0.499720573    
  -1.55756569    
  -1.33648968    
   2.73568630    
   2.33314133    
  -1.86277294    
  -1.31788158    
 -0.884929657    
   4.13389015    
  0.787284851    
  -1.61962986    
  -1.43276310    
   3.65062714    
  -1.90509319    
   3.02070427    
  -1.29642582    
   3.37263584    
  -1.64134216    
  -1.50179768    
   2.85951233    
  -1.89728165    
 -0.453280449    
  -1.37918472    
 -0.630679131    
  -1.59005737    
   3.58197308    
  -1.02711487    
  -1.40019226    
   1.94552803    
   3.52408409    
   3.48143578    
  -1.64128876    
  -1.52397060    
   1.96646118    
   1.10520840    
   2.66074371    
  -1.58304787    
   2.46095848    
  -1.75517559    
 -0.850106239    
   1.89705276    
  -1.63702488    
  -1.35984421    
  -1.20360470    
  -1.39112568    
   3.56572723    
  -1.38921833    
   2.38741016    
  -1.93286037    
  -1.66860580    
  -1.13074684    
  -2.13570976    
  -1.80299187    
  -1.48931503    
   2.24543476    
  -1.63081360    
  -1.68630505    
   2.21486855    
   2.38409615    
   3.04271793    
  -1.76290989    
   2.92538738    
  -1.34546757    
  -2.40320921    
   3.30740356    
   1.26120377    
  -1.92951298    
  -1.34662724    
  -1.14076614    
  -1.28464603    
  -1.89898396    
   3.61936569    
   1.32483578    
  -2.13100195    
  -1.52395058    
 -0.878215790    
   2.71923256    
  -1.84560680    
  -1.91416645    
   2.27158546    
   2.80277252    
 -0.552951813    
 -0.947675705    
 -0.851801872    
 -0.656944275    
   3.12905884    
  -1.54220009    
  -1.42315292    
  -1.29389954    
  -1.07859516    
  -1.38279533    
 -0.298790932    
   1.08558559    
  -1.37109756    
   2.98434258    
 -0.908745766    
  -1.69955158    
  -1.08602047    
   1.46792316    
 -0.883539200    
   3.35388947    
   3.24370384    
  -1.27738857    
  -1.70836544    
   3.51290894    
 -0.475344658    
   3.09137917    
  -1.56971741    
  -1.38579464    
   2.23012924    
   3.46194839    
 -0.672417641    
   5.49796009    
 -0.683607101    
   3.44826126    
  -1.45434189    
  -1.51515579    
 -0.614527702    
 -0.791101456    
   2.91516781    
  -1.16885281    
  -1.47919273    
 -0.411120415    
  -1.84103870    
   3.11907959    
   3.78997707    
   5.69329166    
   1.49600983    
  -1.49534798    
  -1.09318829    
 -0.881546974    
   1.95330048    
  -1.12908268    
 -0.342196465    
  -1.15240097    
   4.10636139    
  -1.78595448    
   2.18941498    
   2.40434456    
  -1.52816010    
  -1.39212608    
 -0.473370552    
  -1.38542271    
   3.25969696    
  -1.17059612    
   2.20147038    
  -1.65180683    
  -1.25980377    
   4.72381973    
 -0.661617279    
  -1.46420002    
 -0.533950806    
 -0.898652077    
  -1.01070595    
   4.08533859    
  -1.63511848    
  -1.47691345    
   5.04200077    
  -1.75267124    
 -0.836587906    
   3.57108688    
  -1.65047646    
  -1.19497204    
  -1.42057419    
  -1.35479355    
 -0.888043404    
  -1.67866516    
   3.29803085    
   1.79881954    
 -0.986199379    
 -0.537801743    
  -1.62159729    
   3.97835255    
  -1.70036697    
   2.92101860    
 -0.553246498    
   1.34166908    
  -1.33078003    
   3.69300365    
  -1.42413044    
 -0.917789459    
  -1.50651932    
  -1.14034176    
  -1.39783955    
 -0.966721535    
  -1.76390648    
  -1.66650963    
  -1.45678043    
   3.49310112    
 -0.699188232    
   3.61107349    
   2.20627880    
   2.67854118    
   2.36382389    
  -1.18791199    
  -1.64526081    
  -1.59873867    
  -1.10941887    
   1.88380718    
   3.46288300    
   2.97741985    
   1.11437702    
   4.59612274    
  -1.64988136    
   2.28030777    
   2.45081902    
  -1.51614285    
  -1.22198868    
 -0.827394485    
   2.24007225    
  -1.30935574    
  -1.55170059    
  -1.60810566    
  -1.30630302    
  -1.15755177    
   2.70447540    
 -0.477842331    
 -0.959064484    
 -0.688915253    
  -1.85186291    
  -1.39167976    
   2.84588909    
  -1.45146751    
 -0.766899109    
  -1.49821091    
  -1.04708290    
   2.52063560    
   1.92853737    
 -0.419542313    
  -1.28490639    
  -1.71743011    
 -0.513755798    
   1.90612602    
  -1.75864410    
  -1.54100990    
   3.17807293    
  -1.10434151    
  -1.76045227    
 -0.722369194    
  -1.77480793    
   2.19720650    
 -0.991901398    
  -1.15340042    
  -1.53371811    
  -1.76422310    
  -1.79917526    
  -1.93726540    
  0.538681984    
   3.96455193    
 -0.783810616    
 -0.672191620    
   4.06680965    
 -0.526525497    
 -0.637737274    
  -1.17331028    
  -1.19589043    
 -0.840560913    
 -0.868181229    
  -1.58843613    
   3.06471634    
   3.11673641    
  -1.59200573    
 -0.408626556    
 -0.934067726    
  -1.19413757    
   2.27135754    
  -1.08713245    
  -1.74129009    
  -1.41755104    
   4.83315372    
  -1.47054672    
  -1.90976143    
 -0.979537010    
  -1.22400284    
  -1.19103622    
   3.63025093    
   2.85708904    
  -1.70499039    
 -0.756238937    
  -1.65184879    
  -1.01845837    
  -1.22831154    
   3.56248665    
  -1.73213768    
   3.53702927    
 -0.970086098    
 -0.267834663    
 -0.861944199    
  -1.40375519    
  -1.21373272    
 -0.688268661    
   4.29588795    
   4.08178806    
  -1.57926083    
  -1.77451134    
  -1.10976982    
   3.24456215    
  -1.40162659    
  -1.06734371    
 -0.569386482    
  -2.44004726    
   2.95620441    
   2.73470116    
 -0.602845192    
   3.83162880    
  -1.97562122    
   2.11473560    
  -1.39534092    
  -1.54221439    
   2.99166203    
  -1.92889690    
  -1.78806782    
  -1.62622261    
   3.30621147    
  -1.19466877    
  -1.41409779    
 -0.649088860    
 -0.752583504    
  -1.65140343    
  -1.39506340    
 -0.993929863    
  -1.53418159    
  -1.04663086    
 -0.560089111    
  -1.20062733    
  -1.34277916    
  -1.43202305    
  -1.34736252    
  -1.56530857    
  -1.02307415    
   2.79068565    
  -1.23309135    
 -0.808614731    
   2.62709999    
   3.23680401    
  -1.35690212    
  -1.09682560    
 -0.804998398    
   2.74679947    
   2.85979462    
   3.43490219    
   2.62989044    
 -0.806520462    
   3.09728622    
   2.55934525    
   4.92101574    
   2.63295269    
  -1.31522369    
  -1.76784706    
  -1.47573090    
 -0.980196953    
   2.81531811    
 -0.600419044    
  -1.05525112    
  -1.99995995    
  -1.46397018    
   3.80250549    
   4.88118553    
   2.39657497    
 -0.337065697    
 -0.763398170    
  -1.69469452    
  -1.37606525    
  -1.89246941    
  -1.88663006    
 -0.787896156    
 -0.741118431    
   2.09237671    
  -1.66761971    
   1.73811150    
   3.08979988    
  -1.86013031    
   2.71298027    
  -1.51084137    
   1.36443233    
   2.17316437    
  -1.52328396    
 -0.958499908    
  -1.13890171    
 -0.828310013    
   3.73991871    
   4.26311684    
   2.54411888    
 -0.839129448    
  -1.70467567    
 -0.849529266    
  -1.46496964    
 -0.508694649    
   3.88450050    
 -0.719256401    
  -2.51574993    
 -0.897821426    
   3.33896542    
   3.79689598    
  -1.88190079    
   3.14419746    
  -1.05195141    
  -1.87557411    
   2.78535271    
   2.76576138    
  -1.48431873    
  -1.39442825    
 -0.613473892    
   2.42794132    
  -1.09735870    
   5.37703896    
 -0.802331924    
  -1.23439217    
  0.945922852    
  -1.55919266    
 -0.489100456    
  -1.41605473    
  -1.13642597    
 -0.782749176    
  -1.97526455    
  -2.05644846    
   2.26560688    
  -1.14440060    
   2.46823692    
 -0.884257317    
   2.88998699    
  -2.03321075    
 -0.856218338    
 -0.527921677    
 -0.856580734    
   3.43485641    
   2.48239708    
 -0.942327499    
   2.45185471    
  -1.24691105    
   2.25312328    
  -2.21108437    
  -1.50032043    
  -1.05376625    
  -1.38814831    
 -0.876684189    
  -1.53344727    
  -1.37740326    
  -1.20153904    
  -1.06530190    
  -1.54050350    
  -1.71423054    
  -1.62040615    
  -1.31466103    
  -1.46326256    
 -0.667434692    
  -1.41535378    
  -1.52100658    
   3.52317333    
   3.59464741    
  -1.28462982    
 -0.558137894    
   3.32837868    
   2.41951942    
   2.31468964    
 -0.264259338    
  -1.44071102    
   3.25437927    
 -0.502201080    
  -2.18548059    
  -1.21663475    
 -0.667306900    
 -0.759645462    
  -1.42020416    
   3.69983578    
  -1.62688446    
  -1.53077316    
   2.31430626    
   2.22508430    
   3.69101429    
   2.37820816    
   3.93999100    
   3.39613914    
  -2.06867599    
  -1.40840721    
  -1.76481819    
  -1.99357033    
 -0.560007095    
   5.04094219    
  -1.59584427    
  -1.23259926    
   3.87916946    
  -1.94228554    
  -1.60644722    
  -1.88021088    
   1.07329845    
  -1.10949516    
 -0.922099113    
  -1.57732010    
  -1.33311653    
   2.57368565    
  -1.64344406    
  -1.43450928    
 -0.954410553    
 -0.500440598    
  -1.99326706    
   4.54576397    
 -0.532092094    
 -0.827178001    
  -1.69472694    
  -1.49580002    
  -1.54336834    
  -1.30715942    
  -1.62261009    
  -1.26300716    
  -1.54812813    
  -1.40888691    
 -0.897476196    
   3.89219475    
  -1.42444229    
  -2.01951742    
  -1.91931152    
  -1.71621513    
   4.08456898    
 -0.838901520    
   3.91603565    
   2.70922756    
  -1.80801392    
  -1.70040131    
   1.77281475    
  -1.51341820    
  -1.43954468    
   4.15401459    
  -1.46849155    
 -0.845035553    
   2.68958187    
   6.10203934    
   2.55481148    
   1.43484879    
  -1.72612095    
  -1.59948254    
   2.32782936    
   1.94477940    
  -1.29716301    
  -1.56885910    
   3.54069138    
  -1.28572941    
 -0.889190674    
  -1.59740257    
   3.50786686    
 -0.638172150    
   2.94655323    
  -1.69124222    
 -0.707696915    
 -0.676860809    
   2.85573006    
  -1.99383640    
 -0.922299385    
 -0.306198120    
  -1.42783546    
 -0.407436371    
 -0.799145699    
   1.94756699    
  -1.41221809    
  -1.25936031    
  -1.40581512    
  -1.20386982    
   1.64811707    
  -1.05674362    
   3.52651024    
  -1.52040100    
  -1.31972313    
   1.95761776    
 -0.244901657    
  -1.33024693    
  -1.37960339    
 -0.592033386    
  -1.23561287    
  -1.31334209    
  -2.06925488    
 -0.655268669    
  -1.86972523    
  -1.02293205    
   2.45278358    
  -1.20195961    
  -1.53058434    
 -0.559780121    
  -1.40239620    
  -1.35539532    
  -1.82496834    
  -1.58360863    
  -1.48503304    
  -1.47891235    
  -1.94728756    
   1.90682602    
 -0.551456451    
  -1.68627262    
  -1.59657001    
  -1.51959991    
  -1.06856346    
  -1.27141571    
  -2.15634251    
  -1.76518822    
  -1.82859230    
  -1.66885185    
   1.48124790    
 -0.986784935    
   2.97762871    
  -1.66756439    
 -0.510658264    
 -0.770312309    
  -1.55304050    
  -1.19593430    
  -1.73799610    
  -1.34327412    
  0.858943939    
  -1.19467735    
 -0.689228058    
   2.27523422    
   2.70045662    
 -0.770233154    
 -0.802942276    
   2.41677856    
   4.95624065    
  -1.36994457    
   4.56156921    
   2.52582932    
   2.69041443    
   2.53354073    
   1.51107216    
  -1.44426346    
  -1.26656151    
  -1.23524666    
 -0.786973000    
 -0.559101105    
  -1.47373772    
   3.40532780    
  -1.84742928    
  -1.12622643    
   4.08371925    
   3.10206604    
 -0.539999962    
 -0.732432365    
 -0.676547050    
  -1.96531391    
  -1.66311359    
  -1.26183987    
  -1.59116840    
  -1.84411812    
   2.56282234    
  -1.18212128    
   4.13876057    
 -0.165407181    
   4.52696609    
   4.91500473    
 -0.560876846    
   3.98295784    
  -1.16845703    
 -0.823956490    
   2.21218109    
  -1.74820900    
 -0.749532700    
  -1.32825470    
 -0.559703827    
   3.19907951    
 -0.888934135    
   2.78067398    
  0.964207649    
 -0.615178108    
  -1.21488571    
  -1.41177273    
 -0.669973373    
 -0.388633728    
   4.30566597    
  -1.00941563    
   1.16029930    
  -1.64315796    
  -1.36908340    
   3.24590778    
  -1.07496357    
   2.58097076    
   3.29074955    
   2.87614441    
 -0.430059433    
  -1.98557472    
 -0.570654869    
   1.99117279    
  -1.20444202    
  -1.50987720    
   2.81284428    
 -0.399295807    
  -1.60667992    
 -0.744814873    
   4.90831947    
  -1.83117294    
  -1.56652069    
   1.07409382    
 -0.626648903    
   3.80876923    
   2.77693939    
 -0.532918930    
  -1.02380848    
 -0.964923859    
   3.17452621    
  -1.39093399    
  -1.79758263    
  -1.50342941    
  -1.24902534    
   1.11405277    
  -1.13334846    
  -1.12238503    
  -1.49830914    
   1.84733868    
  -1.48057938    
  -1.71088409    
  -1.40419197    
  -1.66047001    
  -1.51808357    
  -1.55284023    
 -0.815859795    
  -1.97060013    
   3.79676342    
   3.84697342    
   3.48526764    
   3.57963181    
   2.66458416    
  -1.46457767    
   1.96441841    
  -1.61236668    
 -0.970968246    
  -1.34395981    
   2.71548176    
  -1.67205811    
   2.57848930    
   1.56602478    
  -1.30445385    
  -1.69724369    
  -1.88225269    
   3.40887928    
   3.76142025    
   2.17107201    
  -1.64055443    
  -1.97393799    
  -1.95345497    
   2.31207371    
  -1.09831619    
  -1.08539772    
   4.18388271    
   2.23232651    
   3.03499985    
   2.53396034    
  -1.65081882    
  -1.79679394    
  -1.95665455    
   2.82599068    
  -1.43460464    
 -0.832616806    
  -1.83308029    
 -0.394993782    
  -1.55849266    
  -1.91636181    
  -1.42905712    
   1.84588909    
 -0.639726639    
  -1.12464809    
 -0.913105965    
   3.56168747    
 -0.668584824    
  -1.79846764    
 -0.654616356    
 -0.566829681    
  -1.21683979    
 -0.987015724    
   2.41310120    
   2.33500862    
  -1.55942726    
 -0.406293869    
   4.06459332    
   4.03193665    
  -1.49213696    
  -1.14085293    
   4.00506115    
   3.69328308    
  -1.68870449    
  -1.58455372    
   2.96896458    
 -0.776439667    
  -1.10538960    
   4.10971069    
  -1.60486031    
   3.89199638    
  -1.46712875    
  -1.55439377    
   1.83476925    
 -0.551342010    
 -0.572742462    
  -2.04342127    
  -1.46699333    
  -1.27324677    
 -0.605293274    
  -1.09277916    
  -1.39232635    
  -1.55565739    
  -1.67898941    
 -0.874714851    
   1.91095161    
 -0.639602661    
  -1.82234192    
   2.11219692    
  -1.64763832    
  -1.93115997    
   3.17346478    
 -0.989536285    
   3.34441757    
   4.34701443    
  -1.74762249    
 -0.652228355    
   3.63890553    
 -0.637022018    
 -0.723818779    
  -1.05915642    
  -1.76884270    
  -1.57586479    
   2.11570549    
  -1.50567150    
   2.28679848    
   4.06342888    
  -2.27047205    
 -0.740579605    
  -1.30304337    
   3.64429665    
  -2.14566231    
  -1.35077572    
   2.77200794    
  -1.47400951    
   4.71218967    
  -1.46106243    
  -1.65316772    
  -1.90096092    
  -1.57057667    
   1.55951500    
 -0.389660835    
   3.77595043    
  -1.69699478    
  -1.15539742    
   1.36487007    
  -1.99946594    
   2.60359955    
 -0.740411758    
  -1.06093788    
  -1.88123703    
   2.71671772    
  -1.66430950    
   3.84890747    
   3.53651428    
  -1.51077366    
   3.30060387    
  -1.26055717    
  -1.40583801    
   2.44583035    
  -1.59856415    
  -1.51445389    
 -0.937341690    
   1.76552773    
  -1.08347130    
 -0.704423904    
 -0.403722763    
  -1.54951191    
   1.98410797    
  -1.18691540    
   3.57014275    
   1.39795303    
   1.41624832    
 -0.680159569    
  -2.23369026    
  -1.56602764    
  -1.27721977    
 -0.933627129    
   2.93123436    
 -0.960902214    
  -1.59470654    
   1.84984207    
 -0.781621933    
   1.54040527    
 -0.402408600    
  -1.06208897    
  -1.27490807    
   2.89390945    
  -1.11036396    
  -1.16328144    
   4.01716042    
   2.86680412    
   1.88541412    
   3.38542080    
  -1.75539112    
  -1.75014305    
  -1.53908730    
  -1.87062645    
 -0.494589806    
   3.15208817    
   3.11311245    
  -1.81582355    
  -1.10865021    
  -1.01938152    
  -1.66156673    
 -0.940619469    
   3.14433670    
  -1.40603447    
  -1.93917084    
  -1.65782833    
  -1.66399956    
   2.67741585    
   2.56418991    
   1.65990067    
   3.30564117    
  -1.39151382    
   2.90905476    
   2.87333393    
 -0.803672791    
  -1.22839832    
 -0.523709297    
  -1.16513824    
  -1.76364326    
 -0.951740265    
  -1.27340317    
 -0.990730286    
 -0.894442558    
  -1.59650230    
  -1.87188625    
  -1.40974617    
  -1.78998089    
   4.46341991    
   2.09022045    
   3.78409004    
   3.14350700    
   3.51750946    
  -1.83638954    
  -1.74365902    
   3.55682945    
  0.567975998    
  -2.12594986    
  -1.63793945    
   1.73790932    
   2.39619350    
  -1.55322552    
  -1.45818901    
   3.51179504    
  -1.28778458    
  -1.21584797    
  -1.17806435    
  -1.33597374    
   3.73739815    
   3.33499813    
 -0.641795158    
   4.20092487    
 -0.867758751    
  -1.28212452    
  -1.41903877    
  -1.26827145    
  -1.53026009    
   5.09679413    
  -1.60487080    
  -1.44984436    
 -0.907034874    
  -1.34185791    
  -1.39096165    
   5.01091957    
   1.51259995    
 -0.941099167    
  -1.24520111    
  -1.89555931    
   3.35194397    
  -1.64734936    
   3.85534763    
  -1.39703369    
 -0.668152809    
  -1.66972160    
 -0.727067947    
 -0.263733864    
 -0.665845871    
  -1.64921951    
  -1.71319485    
   1.26082325    
   4.33717346    
  -1.58349800    
  -2.08957767    
  -1.86558914    
 -0.997413635    
   3.33532906    
  -1.59289169    
   2.37554932    
  -1.30649376    
 -0.750011444    
  -1.22058010    
 -0.725003242    
 -0.671223640    
 -0.575174332    
   1.77130890    
  -1.48206615    
 -0.677427292    
   4.06056976    
 -0.726103783    
   2.61623955    
  -1.52371979    
   2.59175301    
  -1.75040436    
 -0.677772522    
 -0.848994255    
 -0.610351562    
  -1.93907547    
   3.93030930    
   2.91526890    
   3.96862984    
   2.66612434    
  -1.08764839    
   4.39049339    
  -1.89176655    
   2.48324490    
  -1.59911728    
 -0.557695389    
 -0.626078606    
   1.82033920    
  -1.42299557    
  -1.45122433    
  -1.38187408    
  -1.40222645    
   3.20544147    
  -1.87261772    
   2.93612099    
  -2.47047997    
  -1.66769600    
  -1.19275951    
  -1.50054359    
  -1.57323265    
   3.01669216    
  -1.18341541    
   4.13629627    
 -0.364085197    
 -0.756149292    
 -0.627527237    
   1.28520393    
  -2.03504467    
   4.84138298    
   1.91620827    
  -1.84422970    
   4.98294449    
 -0.968702316    
  -1.48944664    
  -1.37246132    
  -1.55548286    
  -1.38282681    
  -1.02255821    
 -0.951471329    
  -1.65729332    
   3.63188171    
  -1.51873016    
  -1.03506279    
  -1.61843109    
   2.51197624    
  -1.70599937    
   3.89915562    
   1.74757576    
  -1.45110989    
 -0.987645149    
  -1.17508793    
   3.42265701    
 -0.241789818    
   4.03379917    
   3.08733082    
 -0.466148376    
  -1.46581554    
  -1.32427692    
 -0.979778290    
  -1.29219246    
  -1.22424221    
 -0.705146790    
 -0.884638786    
  -1.48969173    
   3.51296806    
  -1.39539242    
  -1.50451660    
 -0.992369652    
  -1.61347008    
  -1.01201534    
  -1.42563725    
  -1.92505836    
  -1.76478767    
  -1.15776443    
  -1.55064964    
  -1.38406754    
  -1.20400047    
 -0.569137573    
  -1.54757309    
  -1.44881248    
  -1.40973663    
   4.00919533    
   1.92556286    
   2.97690582    
   2.92051506    
   1.97114944    
  -2.19934464    
 -0.761522293    
   2.73647690    
  -1.54348850    
 -0.473271370    
   4.44001198    
 -0.369428635    
 -0.942803383    
  -1.56232738    
   4.77240753    
  -1.60877800    
  -1.53923130    
   1.54409218    
 -0.835693359    
   3.68113708    
  -1.10647964    
   2.39957237    
  -1.22805977    
  -1.70977783    
  -1.87735653    
  -1.04352856    
  -1.39588547    
   4.34473515    
 -0.991946220    
  -1.62944031    
 -0.901579857    
 -0.715106964    
   3.96688461    
 -0.819585800    
  -1.26896381    
   3.31944370    
  -2.01162577    
  -1.78562641    
 -0.962627411    
  -1.88674355    
 -0.634831429    
   2.90161133    
  -1.55930042    
 -0.594333649    
 -0.826177597    
  -1.22279739    
  -1.44541550    
  -1.61471748    
 -0.751399040    
  -1.09265423    
 -0.368567467    
  -1.23366261    
 -0.915248871    
  -1.66187191    
  -1.36493111    
 -0.631270409    
   3.90652752    
  -1.94801903    
  -1.56222820    
  -1.35324574    
  -1.62982178    
 -0.697826385    
 -0.717649460    
   3.64543533    
   2.34112167    
  -1.49890900    
  -1.39728451    
   3.30710793    
   3.26296616    
   1.98898792    
   2.30844593    
   2.99451923    
  -1.25253868    
  -1.12334633    
  -1.81093311    
  -1.58690262    
 -0.519233704    
 -0.681556702    
  -1.52110958    
  -1.83360195    
  -1.23900032    
  -1.42464542    
 -0.890574455    
 -0.443836212    
  -1.39509678    
   3.94600773    
  -1.02344322    
 -0.561556816    
 -0.687011719    
  -1.78048992    
   3.27623272    
   2.29948997    
   1.65910149    
  -1.27448559    
  -1.09907150    
  -1.40094948    
  -1.69382572    
   5.64250469    
  -1.19788074    
 -0.556360245    
  -1.60298347    
 -0.989408493    
  -2.17280149    
  -1.11067677    
  -1.47608376    
   3.83126068    
 -0.925157547    
  -1.39870834    
   1.45116329    
 -0.381301880    
  -1.56655884    
 -0.688752174    
  -1.69595909    
 -0.464128494    
   3.75149155    
 -0.876338959    
  -1.60299301    
 -0.979339600    
   4.33363342    
   4.51241112    
  -1.30169773    
  -1.08665562    
 -0.573606491    
 -0.311244965    
  -1.52448750    
 -0.394411087    
   2.51198292    
   1.69041538    
  -1.07011604    
  -1.00902081    
  -1.91146851    
 -0.674043655    
   2.76054859    
  -1.57880020    
 -0.562840462    
  -1.40264702    
   2.98305511    
  -1.52967548    
   3.07781029    
  -1.61428928    
 -0.564688683    
  -1.19615364    
 -0.483723640    
   3.67461586    
   1.60411358    
   3.21493244    
  -1.23354149    
 -0.894590378    
  -1.86009026    
   1.15832138    
   2.83384705    
  -1.29089928    
 -0.985751152    
  -1.55679131    
   2.96170807    
  -1.67629147    
   2.27704525    
 -0.876894951    
   2.83553028    
  -1.75470924    
   2.95460320    
 -0.606780052    
 -0.792387009    
 -0.827482224    
 -0.304096222    
  -1.45063782    
  0.103335381    
  -1.36245251    
  -1.78806496    
  -1.50928402    
   3.52974033    
   1.72724533    
  -2.05794239    
  -1.28269291    
  -1.59327507    
  -1.17596245    
   3.97697449    
   4.44592667    
  -1.55345726    
  -1.30333805    
   4.29255867    
  -1.55172348    
 -0.447751045    
  -1.43328476    
 -0.578107834    
  -1.45542908    
   1.70836926    
  -1.12997437    
  -1.32576942    
   3.63581085    
   1.63115311    
   2.55032158    
  -1.74558735    
  -1.34679222    
 -0.882114410    
   3.61421013    
   3.09211254    
  -1.42111206    
   1.84147072    
 -0.542234421    
   2.90515137    
  -1.79760456    
 -0.463295937    
 -0.779147148    
 -0.596689224    
  -1.34660912    
  -1.31412411    
  -1.60707474    
  -1.35744572    
  -1.65989876    
  -1.56852531    
  -1.52777481    
  -1.66802502    
 -0.655210495    
 -0.357006073    
 -0.703539848    
   4.17121983    
  -1.53430367    
 -0.675701141    
  -1.66489983    
  -1.62117863    
  -1.91806889    
   3.34347725    
   3.08852005    
  -1.83576584    
   2.60130119    
   4.22149086    
  -1.13482952    
  -1.63213730    
 -0.425466537    
  -1.14845276    
   5.09880257    
   2.04007912    
   2.39321136    
  -1.08542824    
   3.34768105    
  -1.67856216    
 -0.852724075    
 -0.817470551    
   2.09674358    
   3.71890831    
   4.64947701    
   4.01389027    
  -1.89497948    
  -1.37385273    
  -1.13629436    
   1.34876633    
   2.78068066    
 -0.989421844    
 -0.691204071    
  -1.35674858    
  -2.08228016    
   3.20365047    
  -1.60277843    
  -1.25288010    
   3.21996117    
  -1.27058411    
 -0.482090950    
  -1.95183563    
  -1.11526299    
   1.38121605    
 -0.775853157    
  -1.64639950    
 -0.920796394    
 -0.879610062    
  -1.01192856    
 -0.937803268    
  -1.54454136    
   5.02661896    
  -1.30065346    
 -0.674144745    
  0.606872559    
  -1.40197182    
   3.57062531    
  -1.21846962    
 -0.841781616    
  -1.48569965    
  -1.67168522    
  -1.11600494    
 -0.835553169    
  -1.69443989    
  -1.49257755    
  -1.18434811    
  -1.45508194    
  -1.34781361    
   2.61586666    
  -1.71238995    
  -1.57192135    
  -1.18876934    
  -1.14844513    
   3.00848866    
  -1.72492504    
  -1.77701950    
 -0.801597595    
  -1.71292877    
  -1.39696693    
  -1.93634605    
  -1.23944187    
 -0.711481094    
   2.41416168    
  -1.04101562    
   2.66400909    
  0.910519600    
  -1.65450001    
   2.62598515    
  -1.33380890    
  -1.37408447    
 -0.831131935    
 -0.785202980    
   3.13942814    
  -1.21558380    
 -0.667385101    
  -1.18399715    
  -1.55618477    
   4.23476982    
  -1.49576187    
  -1.43055153    
   4.27379990    
   2.09869194    
  -1.22534275    
   2.55291557    
  -1.43391514    
  -1.51073360    
  -1.36458492    
  -1.35373497    
 -0.334931374    
   1.29725838    
   2.89487648    
  -1.83316231    
   3.26322556    
 -0.480743408    
   3.48532677    
   4.04869843    
 -0.823520660    
   4.44398403    
 -0.509396553    
  -1.88541603    
   1.17414474    
  -1.68800831    
 -0.930228233    
   2.75565910    
  -1.31086731    
   2.62600040    
  -1.32958984    
 -0.933477402    
  -1.54307747    
  -1.31126213    
   2.86233521    
 -0.917855263    
  -1.84854984    
   3.07260704    
  -1.86459541    
  -1.80674171    
  -1.65996456    
   2.32373047    
  -1.30291462    
  -1.56409454    
 -0.840147018    
  -1.98285866    
 -0.483591080    
  -2.10758209    
  -1.57021999    
   4.29111099    
   2.63175011    
   4.13940239    
  -1.59036255    
   1.34214878    
  -1.40296555    
   2.38260651    
  -1.62048340    
  -1.13057899    
  -1.62281513    
  -1.31091976    
   2.80755806    
  -1.81762123    
  -1.41080666    
  -1.52079391    
   2.53286934    
  -1.49677277    
  -1.64277554    
  -1.68667984    
   5.03404617    
   2.61132336    
  -1.35312462    
  -2.04547644    
 -0.461709976    
 -0.597926140    
 -0.708488464    
   1.41121674    
  -1.84739876    
  -2.16330051    
  -1.26041794    
 -0.616141319    
  -1.24131393    
  -1.20901108    
  -1.56547451    
  -1.44396400    
  -1.61390305    
  -1.35588074    
  -1.40453911    
   4.01303673    
 -0.719089508    
  -2.01667690    
 -0.623351097    
  -1.58521748    
  -1.57662201    
   4.38356304    
   1.24390125    
   1.78064156    
  -1.77047634    
   3.66290855    
   2.61962795    
 -0.555476189    
  -1.38068962    
  -1.15196037    
  -1.77793026    
 -0.899916649    
  -1.10798931    
   3.13192940    
 -0.566073418    
  -1.60280037    
  -1.25214195    
  -1.42975807    
  -1.16778469    
  -1.71190262    
   3.93751335    
  -1.71521187    
 -0.605272293    
  0.692132950    
  -1.48798084    
 -0.691453934    
  -1.70308208    
  -1.58410645    
   1.45639324    
  -1.60914230    
  -1.27157688    
   2.47982788    
   2.89529228    
  -1.68356800    
  -1.54869843    
  -1.19806767    
   2.53543949    
   2.94972038    
  -1.40410900    
  -1.17594624    
  -1.20469666    
  -1.77556801    
  -1.28759193    
 -0.449213028    
  -1.64926147    
 -0.760168076    
  -1.48760223    
 -0.976026535    
   4.03728676    
 -0.746555328    
  -1.56297302    
   2.58690739    
  -1.44961166    
  -1.74556351    
  -1.96685982    
  -1.91015148    
  -1.30991936    
  -2.21992016    
  -1.40667057    
 -0.579841614    
  -1.47629642    
   1.71708298    
   2.56327438    
  -1.77531052    
   2.73214531    
  -1.18739223    
   4.98346138    
  -1.39602757    
  -1.13028717    
 -0.512572289    
  -1.80868053    
 -0.871789932    
 -0.717730522    
  -1.63105965    
   1.63852787    
   5.26436901    
   2.76749420    
  -1.33965397    
  -1.14830494    
   3.01024818    
  -1.34655094    
  -1.37532234    
 -0.910902977    
  -1.08213615    
   5.61537361    
  -1.26765347    
   3.99314499    
   3.21585655    
 -0.859518051    
   3.02779007    
   3.34154129    
  -1.40386200    
 -0.308203697    
  -1.05673695    
   1.10760880    
  -1.58968830    
  -1.59561539    
 -0.639925957    
  -1.26901245    
  -1.58221054    
  -1.25701427    
  -1.14220428    
  -1.61107159    
  -1.15604496    
  -1.31834221    
   4.23850250    
 -0.224504471    
  -1.85151005    
 -0.331778526    
  -1.82347679    
  -1.19436836    
  -1.59422970    
  -1.71722984    
  -1.58956623    
  -1.28446674    
  -1.46756649    
   3.65748501    
  -1.57266998    
  -1.97121525    
  -1.24231815    
 -0.704540253    
   1.74746704    
 -0.727214813    
 -0.928861618    
   3.73068237    
  -1.42475605    
  -1.30646706    
   2.06631279    
 -0.768878937    
   2.60340118    
  -1.62318325    
 -0.916894913    
  -1.97695923    
  -1.42039776    
  -1.04632378    
  -1.68907642    
 -0.801954269    
   2.75298214    
  -1.94873619    
   2.46465683    
  -1.54560947    
  -1.55280304    
  -1.37451553    
   2.49876118    
  -1.42121410    
  -1.48351097    
 -0.688039780    
  -1.64553070    
  -1.03791142    
  -1.37115955    
 -0.952665329    
   2.50053501    
  -1.62758064    
   2.22230339    
   3.77976322    
   3.87337303    
   4.06681919    
   3.82094288    
   2.36164188    
   2.41435242    
   2.47624302    
  -1.25964737    
  -1.05036736    
   6.01861954    
  -1.39479637    
  -1.88800621    
 -0.649156570    
   1.49907494    
  -1.70478439    
  -2.06857586    
   3.46137428    
  -1.91135502    
  -1.21914673    
 -0.802699089    
  -1.64096451    
 -0.797826767    
 -0.850515366    
  -2.10668659    
  -1.18540287    
   3.61394119    
  -1.37645531    
 -0.884101868    
 -0.972887039    
  -1.34630394    
   1.58595562    
  -1.37408638    
 -0.896133423    
   3.17898560    
 -0.371713638    
   1.73920822    
  -1.14281464    
  -1.87742043    
  0.248420715    
  -1.61149502    
  -1.81599045    
  -1.71694851    
  -2.03752041    
   2.21078873    
  -1.55976677    
  -1.80169296    
   2.44886589    
 -0.802257538    
   3.30371952    
  -1.37126160    
  -1.35147572    
  -1.58989429    
  -1.32156372    
  -1.25531769    
   1.60497665    
   1.26014805    
   2.92264462    
  -1.73035622    
