  -2.43968344       3.31471115E-03
  -2.06005144      0.140135676    
  -1.68041921      0.540523291    
  -1.30078721      0.558962226    
 -0.921155035      0.332953930    
 -0.541522920      0.260778785    
 -0.161890805       3.05558983E-02
  0.217741311       2.63412925E-03
  0.597373426       6.84873573E-03
  0.977005541       1.68584269E-02
   1.35663772       3.42436805E-02
   1.73626971       4.89948019E-02
   2.11590195       6.95410073E-02
   2.49553394       9.53554735E-02
   2.87516594      0.114848033    
   3.25479794      0.110633425    
   3.63442993       9.79896039E-02
   4.01406193       7.32287914E-02
   4.39369392       4.47801948E-02
   4.77332592       2.10730340E-02
   5.15295792       1.31706456E-02
   5.53258991       6.32190984E-03
   5.91222191       2.10730336E-03
