           0 -0.500000000    
           1 -0.550000012    
           2 -0.575000048    
           3 -0.587500036    
           4 -0.593750000    
           5 -0.596875012    
           6 -0.598437548    
           7 -0.599218786    
           8 -0.599609375    
           9 -0.599804699    
          10 -0.599902391    
          11 -0.599951208    
          12 -0.599975586    
          13 -0.599987805    
          14 -0.599993944    
          15 -0.599996984    
          16 -0.599998474    
          17 -0.599999249    
          18 -0.599999666    
          19 -0.599999845    
          20 -0.599999905    
