           0  0.215647817    
           1  0.463777065    
           2  0.575897992    
           3  0.625364780    
           4  0.646423995    
           5  0.655193627    
           6  0.658806741    
           7  0.660288274    
           8  0.660894454    
           9  0.661142349    
          10  0.661243737    
          11  0.661285222    
          12  0.661302209    
          13  0.661309123    
          14  0.661311865    
          15  0.661312997    
          16  0.661313474    
          17  0.661313713    
          18  0.661313832    
