           0   1.00000000    
           1   1.50000000    
           2   1.25000000    
           3   1.37500000    
           4   1.31250000    
           5   1.34375000    
           6   1.32812500    
           7   1.32031250    
           8   1.31640625    
           9   1.31835938    
          10   1.31933594    
          11   1.31884766    
          12   1.31909180    
          13   1.31896973    
          14   1.31903076    
          15   1.31906128    
          16   1.31907654    
          17   1.31906891    
          18   1.31907272    
          19   1.31907463    
          20   1.31907368    
