           7   2.00000000    
           8   1.23401737    
           9   1.27955413    
          10   1.32174098    
          11   1.31899035    
          12   1.31907344    
           0   2.00000000    
           1   1.20909119    
           2   1.26784229    
           3   1.32354343    
           4   1.31889248    
           5   1.31907296    
           0   2.00000000    
           1   1.18338311    
           2   1.25571501    
           3   1.32588577    
           4   1.31873167    
           5   1.31907177    
           6   1.31907356    
           0   2.00000000    
           1   1.15695632    
           2   1.24320710    
           3   1.32879746    
           4   1.31848943    
           5   1.31906915    
           6   1.31907356    
           0   2.00000000    
           1   1.12990022    
           2   1.23036766    
           3   1.33229375    
           4   1.31814480    
           5   1.31906390    
           6   1.31907380    
           0   2.00000000    
           1   1.10233331    
           2   1.21726251    
           3   1.33637428    
           4   1.31767857    
           5   1.31905460    
           6   1.31907356    
           0   2.00000000    
           1   1.07440877    
           2   1.20397568    
           3   1.34101343    
           4   1.31707430    
           5   1.31903911    
           6   1.31907380    
           0   2.00000000    
           1   1.04632020    
           2   1.19061208    
           3   1.34615946    
           4   1.31631947    
           5   1.31901491    
           6   1.31907380    
           0   2.00000000    
           1   1.01830482    
           2   1.17729890    
           3   1.35172784    
           4   1.31541097    
           5   1.31897938    
           6   1.31907392    
           0   2.00000000    
           1  0.990649939    
           2   1.16418612    
           3   1.35760391    
           4   1.31435490    
           5   1.31893051    
           6   1.31907415    
           0   2.00000000    
           1  0.963694215    
           2   1.15144610    
           3   1.36364353    
           4   1.31317043    
           5   1.31886673    
           6   1.31907463    
           0   2.00000000    
           1  0.937830567    
           2   1.13927352    
           3   1.36967611    
           4   1.31189036    
           5   1.31878793    
           6   1.31907535    
           7   1.31907356    
           0   2.00000000    
           1  0.913504481    
           2   1.12788141    
           3   1.37551296    
           4   1.31056082    
           5   1.31869590    
           6   1.31907618    
           7   1.31907356    
           0   2.00000000    
           1  0.891209364    
           2   1.11749792    
           3   1.38096046    
           4   1.30924022    
           5   1.31859553    
           6   1.31907737    
           7   1.31907344    
           0   2.00000000    
           1  0.871478200    
           2   1.10836112    
           3   1.38582683    
           4   1.30799460    
           5   1.31849277    
           6   1.31907880    
           7   1.31907356    
           0   2.00000000    
           1  0.854868531    
           2   1.10071242    
           3   1.38993621    
           4   1.30689394    
           5   1.31839609    
           6   1.31908023    
           7   1.31907380    
           0   2.00000000    
           1  0.841944933    
           2   1.09479034    
           3   1.39313006    
           4   1.30600727    
           5   1.31831419    
           6   1.31908143    
           7   1.31907368    
           0   2.00000000    
           1  0.833253622    
           2   1.09082317    
           3   1.39527190    
           4   1.30539656    
           5   1.31825590    
           6   1.31908250    
           7   1.31907380    
           0   2.00000000    
           1  0.829293966    
           2   1.08901989    
           3   1.39624536    
           4   1.30511475    
           5   1.31822848    
           6   1.31908309    
           7   1.31907380    
           0   2.00000000    
           1  0.830488324    
           2   1.08956361    
           3   1.39595163    
           4   1.30520022    
           5   1.31823683    
           6   1.31908286    
           7   1.31907380    
           0   2.00000000    
           1  0.837150693    
           2   1.09260046    
           3   1.39431238    
           4   1.30567181    
           5   1.31828237    
           6   1.31908202    
           7   1.31907356    
           0   2.00000000    
           1  0.849460006    
           2   1.09823072    
           3   1.39127409    
           4   1.30652606    
           5   1.31836259    
           6   1.31908083    
           7   1.31907368    
           0   2.00000000    
           1  0.867439508    
           2   1.10649765    
           3   1.38682556    
           4   1.30773127    
           5   1.31847024    
           6   1.31907904    
           7   1.31907368    
           0   2.00000000    
           1  0.890945673    
           2   1.11737549    
           3   1.38102448    
           4   1.30922413    
           5   1.31859422    
           6   1.31907737    
           7   1.31907344    
           0   2.00000000    
           1  0.919669390    
           2   1.13076270    
           3   1.37402129    
           4   1.31090927    
           5   1.31872106    
           6   1.31907606    
           7   1.31907368    
           0   2.00000000    
           1  0.953148961    
           2   1.14647639    
           3   1.36607802    
           4   1.31266510    
           5   1.31883669    
           6   1.31907475    
           7   1.31907344    
           0   2.00000000    
           1  0.990792990    
           2   1.16425371    
           3   1.35757315    
           4   1.31436074    
           5   1.31893086    
           6   1.31907415    
           0   2.00000000    
           1   1.03191471    
           2   1.18376362    
           3   1.34897125    
           4   1.31587243    
           5   1.31899822    
           6   1.31907392    
           0   2.00000000    
           1   1.07576752    
           2   1.20462215    
           3   1.34077668    
           4   1.31710684    
           5   1.31904006    
           6   1.31907392    
           0   2.00000000    
           1   1.12158489    
           2   1.22641659    
           3   1.33347094    
           4   1.31801724    
           5   1.31906164    
           6   1.31907368    
           0   2.00000000    
           1   1.16861534    
           2   1.24873006    
           3   1.32745016    
           4   1.31860697    
           5   1.31907070    
           6   1.31907368    
           0   2.00000000    
           1   1.21615255    
           2   1.27116513    
           3   1.32298601    
           4   1.31892538    
           5   1.31907320    
           0   2.00000000    
           1   1.26355886    
           2   1.29336488    
           3   1.32020545    
           4   1.31905091    
           5   1.31907356    
           0   2.00000000    
           1   1.31027997    
           2   1.31502485    
           3   1.31910193    
           4   1.31907368    
