          20   0.00000000    
          21   1.00000000    
          22   1.50000000    
          23   1.25000000    
          24   1.37500000    
          25   1.31250000    
          26   1.34375000    
          27   1.32812500    
          28   1.32031250    
          29   1.31640625    
          30   1.31835938    
          31   1.31933594    
          32   1.31884766    
          33   1.31909180    
          34   1.31896973    
          35   1.31903076    
          36   1.31906128    
          37   1.31907654    
          38   1.31906891    
          39   1.31907272    
          40   1.31907463    
          41   1.31907368    
           0   5.00000119E-02
           1   1.02499998    
           2   1.51250005    
           3   1.26874995    
           4   1.39062500    
           5   1.32968748    
           6   1.29921865    
           7   1.31445312    
           8   1.32207036    
           9   1.31826174    
          10   1.32016611    
          11   1.31921387    
          12   1.31873775    
          13   1.31897581    
          14   1.31909490    
          15   1.31903529    
          16   1.31906509    
          17   1.31908000    
          18   1.31907248    
          19   1.31907630    
          20   1.31907439    
          21   1.31907344    
           0  0.100000024    
           1   1.04999995    
           2   1.52499998    
           3   1.28749990    
           4   1.40625000    
           5   1.34687495    
           6   1.31718743    
           7   1.33203125    
           8   1.32460928    
           9   1.32089829    
          10   1.31904292    
          11   1.31997061    
          12   1.31950676    
          13   1.31927490    
          14   1.31915891    
          15   1.31910086    
          16   1.31907189    
          17   1.31908631    
          18   1.31907916    
          19   1.31907558    
          20   1.31907368    
          21   1.31907272    
           0  0.149999976    
           1   1.07500005    
           2   1.53750002    
           3   1.30625010    
           4   1.42187500    
           5   1.36406255    
           6   1.33515632    
           7   1.32070327    
           8   1.31347668    
           9   1.31709003    
          10   1.31889665    
          11   1.31979990    
          12   1.31934834    
          13   1.31912255    
          14   1.31900954    
          15   1.31906605    
          16   1.31909430    
          17   1.31908011    
          18   1.31907308    
          19   1.31907654    
          20   1.31907487    
          21   1.31907392    
           0  0.199999988    
           1   1.10000002    
           2   1.54999995    
           3   1.32500005    
           4   1.21250010    
           5   1.26875007    
           6   1.29687500    
           7   1.31093752    
           8   1.31796885    
           9   1.32148445    
          10   1.31972671    
          11   1.31884778    
          12   1.31928730    
          13   1.31906748    
          14   1.31917739    
          15   1.31912243    
          16   1.31909490    
          17   1.31908119    
          18   1.31907439    
          19   1.31907094    
          20   1.31907272    
          21   1.31907356    
           0  0.250000000    
           1   1.12500000    
           2   1.56250000    
           3   1.34375000    
           4   1.23437500    
           5   1.28906250    
           6   1.31640625    
           7   1.33007812    
           8   1.32324219    
           9   1.31982422    
          10   1.31811523    
          11   1.31896973    
          12   1.31939697    
          13   1.31918335    
          14   1.31907654    
          15   1.31902313    
          16   1.31904984    
          17   1.31906319    
          18   1.31906986    
          19   1.31907320    
          20   1.31907487    
          21   1.31907403    
           0  0.300000012    
           1   1.14999998    
           2   1.57500005    
           3   1.36249995    
           4   1.25624990    
           5   1.30937493    
           6   1.33593750    
           7   1.32265615    
           8   1.31601548    
           9   1.31933582    
          10   1.31767559    
          11   1.31850576    
          12   1.31892085    
          13   1.31912827    
          14   1.31902456    
          15   1.31907642    
          16   1.31905055    
          17   1.31906343    
          18   1.31906986    
          19   1.31907320    
          20   1.31907487    
          21   1.31907403    
           0  0.350000024    
           1   1.17499995    
           2   1.58749998    
           3   1.38124990    
           4   1.27812493    
           5   1.32968736    
           6   1.30390620    
           7   1.31679678    
           8   1.32324207    
           9   1.32001948    
          10   1.31840813    
          11   1.31921387    
          12   1.31881094    
          13   1.31901240    
          14   1.31911314    
          15   1.31906271    
          16   1.31908798    
          17   1.31907535    
          18   1.31906903    
          19   1.31907225    
          20   1.31907380    
          21   1.31907296    
           0  0.399999976    
           1   1.20000005    
           2   1.60000002    
           3   1.40000010    
           4   1.30000007    
           5   1.35000014    
           6   1.32500005    
           7   1.31250000    
           8   1.31875002    
           9   1.32187510    
          10   1.32031250    
          11   1.31953120    
          12   1.31914067    
          13   1.31894541    
          14   1.31904304    
          15   1.31909180    
          16   1.31906748    
          17   1.31907964    
          18   1.31907356    
          19   1.31907654    
          20   1.31907511    
          21   1.31907439    
           0  0.449999988    
           1   1.22500002    
           2   1.61249995    
           3   1.41875005    
           4   1.32187510    
           5   1.27343750    
           6   1.29765630    
           7   1.30976570    
           8   1.31582046    
           9   1.31884778    
          10   1.32036138    
          11   1.31960464    
          12   1.31922626    
          13   1.31903696    
          14   1.31913161    
          15   1.31908429    
          16   1.31906056    
          17   1.31907248    
          18   1.31907845    
          19   1.31907547    
          20   1.31907392    
          21   1.31907320    
           0  0.500000000    
           1   1.25000000    
           2   1.62500000    
           3   1.43750000    
           4   1.34375000    
           5   1.29687500    
           6   1.32031250    
           7   1.30859375    
           8   1.31445312    
           9   1.31738281    
          10   1.31884766    
          11   1.31958008    
          12   1.31921387    
          13   1.31903076    
          14   1.31912231    
          15   1.31907654    
          16   1.31905365    
          17   1.31906509    
          18   1.31907082    
          19   1.31907368    
          20   1.31907225    
          21   1.31907296    
           0  0.550000012    
           1   1.27499998    
           2   1.63750005    
           3   1.45624995    
           4   1.36562490    
           5   1.32031250    
           6   1.29765630    
           7   1.30898440    
           8   1.31464839    
           9   1.31748044    
          10   1.31889653    
          11   1.31960452    
          12   1.31925058    
          13   1.31907356    
          14   1.31916213    
          15   1.31911778    
          16   1.31909561    
          17   1.31908464    
          18   1.31907916    
          19   1.31907630    
          20   1.31907487    
          21   1.31907415    
           0  0.600000024    
           1   1.29999995    
           2   1.64999998    
           3   1.47499990    
           4   1.38749993    
           5   1.34375000    
           6   1.32187498    
           7   1.31093740    
           8   1.31640625    
           9   1.31914067    
          10   1.31777346    
          11   1.31845713    
          12   1.31879890    
          13   1.31896973    
          14   1.31905520    
          15   1.31909800    
          16   1.31907654    
          17   1.31906581    
          18   1.31907117    
          19   1.31907392    
          20   1.31907248    
          21   1.31907320    
           0  0.649999976    
           1   1.32500005    
           2  0.987500012    
           3   1.15625000    
           4   1.24062502    
           5   1.28281260    
           6   1.30390632    
           7   1.31445312    
           8   1.31972659    
           9   1.31708980    
          10   1.31840825    
          11   1.31906748    
          12   1.31939697    
          13   1.31923223    
          14   1.31914985    
          15   1.31910872    
          16   1.31908810    
          17   1.31907773    
          18   1.31907260    
          19   1.31907511    
          20   1.31907392    
          21   1.31907320    
           0  0.699999988    
           1   1.35000002    
           2   1.02499998    
           3   1.18750000    
           4   1.26874995    
           5   1.30937505    
           6   1.32968760    
           7   1.31953132    
           8   1.31445312    
           9   1.31699228    
          10   1.31826186    
          11   1.31889653    
          12   1.31921387    
          13   1.31905520    
          14   1.31913447    
          15   1.31909490    
          16   1.31907511    
          17   1.31906509    
          18   1.31907010    
          19   1.31907260    
          20   1.31907392    
          21   1.31907320    
           0  0.750000000    
           1   1.37500000    
           2   1.06250000    
           3   1.21875000    
           4   1.29687500    
           5   1.33593750    
           6   1.31640625    
           7   1.32617188    
           8   1.32128906    
           9   1.31884766    
          10   1.32006836    
          11   1.31945801    
          12   1.31915283    
          13   1.31900024    
          14   1.31907654    
          15   1.31903839    
          16   1.31905746    
          17   1.31906700    
          18   1.31907177    
          19   1.31907415    
          20   1.31907296    
          21   1.31907356    
           0  0.800000012    
           1   1.39999998    
           2   1.10000002    
           3   1.25000000    
           4   1.32500005    
           5   1.28750002    
           6   1.30625010    
           7   1.31562507    
           8   1.32031250    
           9   1.31796885    
          10   1.31914067    
          11   1.31855476    
          12   1.31884766    
          13   1.31899416    
          14   1.31906748    
          15   1.31910408    
          16   1.31908584    
          17   1.31907666    
          18   1.31907201    
          19   1.31907439    
          20   1.31907320    
          21   1.31907380    
           0  0.850000024    
           1   1.42499995    
           2   1.13750005    
           3   1.28125000    
           4   1.35312498    
           5   1.31718755    
           6   1.33515620    
           7   1.32617188    
           8   1.32167971    
           9   1.31943369    
          10   1.31831062    
          11   1.31887221    
          12   1.31915295    
          13   1.31901264    
          14   1.31908274    
          15   1.31904769    
          16   1.31906521    
          17   1.31907392    
          18   1.31906962    
          19   1.31907177    
          20   1.31907284    
          21   1.31907344    
           0  0.899999976    
           1   1.45000005    
           2   1.17499995    
           3   1.31250000    
           4   1.38125002    
           5   1.34687495    
           6   1.32968748    
           7   1.32109380    
           8   1.31679690    
           9   1.31894541    
          10   1.32001960    
          11   1.31948256    
          12   1.31921399    
          13   1.31907964    
          14   1.31901252    
          15   1.31904602    
          16   1.31906283    
          17   1.31907129    
          18   1.31907547    
          19   1.31907344    
          20   1.31907439    
          21   1.31907392    
           0  0.949999988    
           1   1.47500002    
           2   1.21249998    
           3   1.34375000    
           4   1.27812505    
           5   1.31093752    
           6   1.32734370    
           7   1.31914067    
           8   1.31503916    
           9   1.31708992    
          10   1.31811523    
          11   1.31862795    
          12   1.31888437    
          13   1.31901252    
          14   1.31907654    
          15   1.31904459    
          16   1.31906056    
          17   1.31906855    
          18   1.31907248    
          19   1.31907451    
          20   1.31907344    
          21   1.31907392    
           0   1.00000000    
           1   1.50000000    
           2   1.25000000    
           3   1.37500000    
           4   1.31250000    
           5   1.34375000    
           6   1.32812500    
           7   1.32031250    
           8   1.31640625    
           9   1.31835938    
          10   1.31933594    
          11   1.31884766    
          12   1.31909180    
          13   1.31896973    
          14   1.31903076    
          15   1.31906128    
          16   1.31907654    
          17   1.31906891    
          18   1.31907272    
          19   1.31907463    
          20   1.31907368    
           0   1.04999995    
           1   1.52499998    
           2   1.28749990    
           3   1.40625000    
           4   1.34687495    
           5   1.31718743    
           6   1.33203125    
           7   1.32460928    
           8   1.32089829    
           9   1.31904292    
          10   1.31997061    
          11   1.31950676    
          12   1.31927490    
          13   1.31915891    
          14   1.31910086    
          15   1.31907189    
          16   1.31908631    
          17   1.31907916    
          18   1.31907558    
          19   1.31907368    
          20   1.31907272    
           0   1.10000002    
           1   1.54999995    
           2   1.32500005    
           3   1.21250010    
           4   1.26875007    
           5   1.29687500    
           6   1.31093752    
           7   1.31796885    
           8   1.32148445    
           9   1.31972671    
          10   1.31884778    
          11   1.31928730    
          12   1.31906748    
          13   1.31917739    
          14   1.31912243    
          15   1.31909490    
          16   1.31908119    
          17   1.31907439    
          18   1.31907094    
          19   1.31907272    
          20   1.31907356    
           0   1.14999998    
           1   1.57500005    
           2   1.36249995    
           3   1.25624990    
           4   1.30937493    
           5   1.33593750    
           6   1.32265615    
           7   1.31601548    
           8   1.31933582    
           9   1.31767559    
          10   1.31850576    
          11   1.31892085    
          12   1.31912827    
          13   1.31902456    
          14   1.31907642    
          15   1.31905055    
          16   1.31906343    
          17   1.31906986    
          18   1.31907320    
          19   1.31907487    
          20   1.31907403    
           0   1.20000005    
           1   1.60000002    
           2   1.40000010    
           3   1.30000007    
           4   1.35000014    
           5   1.32500005    
           6   1.31250000    
           7   1.31875002    
           8   1.32187510    
           9   1.32031250    
          10   1.31953120    
          11   1.31914067    
          12   1.31894541    
          13   1.31904304    
          14   1.31909180    
          15   1.31906748    
          16   1.31907964    
          17   1.31907356    
          18   1.31907654    
          19   1.31907511    
          20   1.31907439    
           0   1.25000000    
           1   1.62500000    
           2   1.43750000    
           3   1.34375000    
           4   1.29687500    
           5   1.32031250    
           6   1.30859375    
           7   1.31445312    
           8   1.31738281    
           9   1.31884766    
          10   1.31958008    
          11   1.31921387    
          12   1.31903076    
          13   1.31912231    
          14   1.31907654    
          15   1.31905365    
          16   1.31906509    
          17   1.31907082    
          18   1.31907368    
          19   1.31907225    
          20   1.31907296    
           0   1.29999995    
           1   1.64999998    
           2   1.47499990    
           3   1.38749993    
           4   1.34375000    
           5   1.32187498    
           6   1.31093740    
           7   1.31640625    
           8   1.31914067    
           9   1.31777346    
          10   1.31845713    
          11   1.31879890    
          12   1.31896973    
          13   1.31905520    
          14   1.31909800    
          15   1.31907654    
          16   1.31906581    
          17   1.31907117    
          18   1.31907392    
          19   1.31907248    
          20   1.31907320    
           0   1.35000002    
           1   1.02499998    
           2   1.18750000    
           3   1.26874995    
           4   1.30937505    
           5   1.32968760    
           6   1.31953132    
           7   1.31445312    
           8   1.31699228    
           9   1.31826186    
          10   1.31889653    
          11   1.31921387    
          12   1.31905520    
          13   1.31913447    
          14   1.31909490    
          15   1.31907511    
          16   1.31906509    
          17   1.31907010    
          18   1.31907260    
          19   1.31907392    
          20   1.31907320    
           0   1.39999998    
           1   1.10000002    
           2   1.25000000    
           3   1.32500005    
           4   1.28750002    
           5   1.30625010    
           6   1.31562507    
           7   1.32031250    
           8   1.31796885    
           9   1.31914067    
          10   1.31855476    
          11   1.31884766    
          12   1.31899416    
          13   1.31906748    
          14   1.31910408    
          15   1.31908584    
          16   1.31907666    
          17   1.31907201    
          18   1.31907439    
          19   1.31907320    
          20   1.31907380    
           0   1.45000005    
           1   1.17499995    
           2   1.31250000    
           3   1.38125002    
           4   1.34687495    
           5   1.32968748    
           6   1.32109380    
           7   1.31679690    
           8   1.31894541    
           9   1.32001960    
          10   1.31948256    
          11   1.31921399    
          12   1.31907964    
          13   1.31901252    
          14   1.31904602    
          15   1.31906283    
          16   1.31907129    
          17   1.31907547    
          18   1.31907344    
          19   1.31907439    
          20   1.31907392    
           0   1.50000000    
           1   1.25000000    
           2   1.37500000    
           3   1.31250000    
           4   1.34375000    
           5   1.32812500    
           6   1.32031250    
           7   1.31640625    
           8   1.31835938    
           9   1.31933594    
          10   1.31884766    
          11   1.31909180    
          12   1.31896973    
          13   1.31903076    
          14   1.31906128    
          15   1.31907654    
          16   1.31906891    
          17   1.31907272    
          18   1.31907463    
          19   1.31907368    
           0   1.54999995    
           1   1.32500005    
           2   1.21250010    
           3   1.26875007    
           4   1.29687500    
           5   1.31093752    
           6   1.31796885    
           7   1.32148445    
           8   1.31972671    
           9   1.31884778    
          10   1.31928730    
          11   1.31906748    
          12   1.31917739    
          13   1.31912243    
          14   1.31909490    
          15   1.31908119    
          16   1.31907439    
          17   1.31907094    
          18   1.31907272    
          19   1.31907356    
           0   1.60000002    
           1   1.40000010    
           2   1.30000007    
           3   1.35000014    
           4   1.32500005    
           5   1.31250000    
           6   1.31875002    
           7   1.32187510    
           8   1.32031250    
           9   1.31953120    
          10   1.31914067    
          11   1.31894541    
          12   1.31904304    
          13   1.31909180    
          14   1.31906748    
          15   1.31907964    
          16   1.31907356    
          17   1.31907654    
          18   1.31907511    
          19   1.31907439    
           0   1.64999998    
           1   1.47499990    
           2   1.38749993    
           3   1.34375000    
           4   1.32187498    
           5   1.31093740    
           6   1.31640625    
           7   1.31914067    
           8   1.31777346    
           9   1.31845713    
          10   1.31879890    
          11   1.31896973    
          12   1.31905520    
          13   1.31909800    
          14   1.31907654    
          15   1.31906581    
          16   1.31907117    
          17   1.31907392    
          18   1.31907248    
          19   1.31907320    
