  -2.00000000              12          41
  -1.89999998               5          21
  -1.79999995               6          21
  -1.70000005               6          21
  -1.60000002               6          21
  -1.50000000               6          21
  -1.39999998               6          21
  -1.29999995               6          21
  -1.20000005               6          21
  -1.10000002               6          21
  -1.00000000               6          21
 -0.899999976               7          21
 -0.800000012               7          21
 -0.699999988               7          21
 -0.600000024               7          21
 -0.500000000               7          21
 -0.400000006               7          21
 -0.300000012               7          21
 -0.200000003               7          21
 -0.100000001               7          21
   0.00000000               7          20
  0.100000001               7          20
  0.200000003               7          20
  0.300000012               7          20
  0.400000006               7          20
  0.500000000               7          20
  0.600000024               6          20
  0.699999988               6          20
  0.800000012               6          20
  0.899999976               6          20
   1.00000000               6          19
   1.10000002               5          19
   1.20000005               5          19
   1.29999995               4          19
